Date,Symbol,Series,Prev Close,Open,High,Low,Last,Close,VWAP,Volume,Turnover,Trades,Deliverable Volume,%Deliverble
2012-09-25,MAYURUNIQ,EQ,382.1,389.9,389.9,381.0,382.0,382.0,385.52,21,809600000.0,4,11,0.5238
2012-09-26,MAYURUNIQ,EQ,382.0,382.5,384.0,382.5,384.0,384.0,383.97,46,1766250000.0,3,46,1.0
2012-09-27,MAYURUNIQ,EQ,384.0,380.25,395.0,380.25,395.0,395.0,384.19,718,27584490000.000004,18,712,0.9916
2012-09-28,MAYURUNIQ,EQ,395.0,390.0,405.0,390.0,390.2,392.35,398.91,3427,136705450000.0,77,3150,0.9192
2012-10-01,MAYURUNIQ,EQ,392.35,390.3,407.0,390.2,407.0,401.55,394.05,507,19978260000.0,17,258,0.5089
2012-10-03,MAYURUNIQ,EQ,401.55,450.0,450.0,400.0,400.05,402.8,401.17,2956,118584925000.0,73,2634,0.8911
2012-10-04,MAYURUNIQ,EQ,402.8,403.0,409.9,401.0,403.0,403.0,405.25,875,35459460000.0,37,500,0.5714
2012-10-05,MAYURUNIQ,EQ,403.0,400.05,410.0,400.05,410.0,407.0,402.86,615,24776025000.0,13,586,0.9528
2012-10-08,MAYURUNIQ,EQ,407.0,407.05,410.0,403.1,410.0,410.0,408.15,1684,68731680000.0,39,1449,0.8605
2012-10-09,MAYURUNIQ,EQ,410.0,415.0,415.0,403.0,414.5,409.05,405.85,2317,94034985000.0,71,1917,0.8273999999999999
2012-10-10,MAYURUNIQ,EQ,409.05,409.95,409.95,404.0,404.0,405.0,405.52,497,20154100000.0,59,495,0.996
2012-10-11,MAYURUNIQ,EQ,405.0,405.0,405.0,398.0,398.0,402.0,404.21,1591,64309169999.99999,33,1581,0.9937
2012-10-12,MAYURUNIQ,EQ,402.0,400.0,406.0,396.0,397.0,396.95,400.06,345,13802020000.000002,22,315,0.913
2012-10-15,MAYURUNIQ,EQ,396.95,379.0,400.0,379.0,390.0,389.95,392.96,663,26053455000.0,35,535,0.8069
2012-10-16,MAYURUNIQ,EQ,389.95,392.0,395.0,385.1,389.9,387.6,388.03,532,20643365000.0,22,371,0.6973999999999999
2012-10-17,MAYURUNIQ,EQ,387.6,388.0,388.0,376.0,376.0,378.1,385.04,1371,52788680000.00001,51,1039,0.7578
2012-10-18,MAYURUNIQ,EQ,378.1,378.0,390.1,370.0,390.0,389.45,383.14,1689,64712094999.99999,64,1300,0.7697
2012-10-19,MAYURUNIQ,EQ,389.45,385.0,387.95,384.1,384.1,384.5,385.01,1142,43968590000.0,26,1089,0.9536
2012-10-22,MAYURUNIQ,EQ,384.5,382.0,409.9,382.0,409.9,402.55,393.78,2091,82340185000.0,72,1026,0.4907
2012-10-23,MAYURUNIQ,EQ,402.55,395.1,409.95,385.2,399.0,399.0,395.96,762,30171809999.999996,42,323,0.4239
2012-10-25,MAYURUNIQ,EQ,399.0,395.1,409.95,390.05,406.0,400.9,400.88,2687,107717520000.0,85,1367,0.5086999999999999
2012-10-26,MAYURUNIQ,EQ,400.9,421.0,447.85,411.0,425.05,431.3,437.16,61769,2700276250000.0,3033,12831,0.2077
2012-10-29,MAYURUNIQ,EQ,431.3,426.0,444.0,426.0,439.95,436.9,436.93,7355,321365235000.0,383,3451,0.4692
2012-10-30,MAYURUNIQ,EQ,436.9,440.0,455.0,432.0,449.95,450.95,443.72,12011,532948434999.99994,495,9246,0.7698
2012-10-31,MAYURUNIQ,EQ,450.95,454.0,460.0,440.1,454.0,458.3,454.17,12620,573159935000.0,547,7844,0.6215999999999999
2012-11-01,MAYURUNIQ,EQ,458.3,459.0,474.9,459.0,468.15,468.95,468.34,11550,540930634999.99994,506,7189,0.6224000000000001
2012-11-02,MAYURUNIQ,EQ,468.95,472.95,479.9,462.05,462.05,467.0,473.03,8926,422222490000.00006,486,4883,0.5471
2012-11-05,MAYURUNIQ,EQ,467.0,467.0,475.0,453.0,457.0,456.4,464.4,5384,250030750000.0,262,3897,0.7238
2012-11-06,MAYURUNIQ,EQ,456.4,456.55,456.55,420.0,446.5,445.25,441.57,9700,428327415000.00006,686,6195,0.6386999999999999
2012-11-07,MAYURUNIQ,EQ,445.25,444.0,460.0,444.0,453.0,452.0,454.38,5583,253679754999.99997,188,4819,0.8632
2012-11-08,MAYURUNIQ,EQ,452.0,450.0,465.0,450.0,460.0,460.0,460.76,10406,479464515000.00006,283,8395,0.8067000000000001
2012-11-09,MAYURUNIQ,EQ,460.0,467.0,475.6,443.0,444.5,448.6,460.18,11100,510794475000.0,444,7097,0.6394
2012-11-12,MAYURUNIQ,EQ,448.6,451.2,465.7,451.1,460.0,457.8,458.23,9545,437375890000.00006,300,6714,0.7034
2012-11-13,MAYURUNIQ,EQ,457.8,462.0,469.0,458.0,462.15,465.6,465.01,5432,252594235000.0,240,3067,0.5646
2012-11-15,MAYURUNIQ,EQ,465.6,466.1,468.05,460.75,466.0,464.7,464.53,5886,273421000000.0,269,4588,0.7795000000000001
2012-11-16,MAYURUNIQ,EQ,464.7,460.0,469.9,460.0,465.0,464.25,465.94,4793,223326215000.0,199,2720,0.5675
2012-11-19,MAYURUNIQ,EQ,464.25,464.0,475.0,464.0,464.95,465.75,469.08,10073,472506545000.0,601,5524,0.5484
2012-11-20,MAYURUNIQ,EQ,465.75,459.0,481.35,457.45,469.95,469.85,471.47,7588,357750060000.0,546,3749,0.4941
2012-11-21,MAYURUNIQ,EQ,469.85,467.0,469.85,450.0,461.0,461.8,458.15,5068,232189754999.99997,295,3077,0.6071
2012-11-22,MAYURUNIQ,EQ,461.8,461.9,467.0,456.1,461.0,462.5,461.26,1916,88377000000.0,186,1088,0.5678
2012-11-23,MAYURUNIQ,EQ,462.5,469.0,469.0,451.95,457.95,457.05,458.09,3682,168668180000.0,176,2550,0.6926000000000001
2012-11-26,MAYURUNIQ,EQ,457.05,459.85,472.4,458.55,468.75,468.05,463.76,2036,94420955000.0,196,692,0.33990000000000004
2012-11-27,MAYURUNIQ,EQ,468.05,468.0,468.05,458.0,458.1,461.85,462.81,2145,99273215000.0,204,1402,0.6536
2012-11-29,MAYURUNIQ,EQ,461.85,457.35,470.0,457.35,460.0,460.95,461.31,2850,131473314999.99998,180,2173,0.7625000000000001
2012-11-30,MAYURUNIQ,EQ,460.95,465.0,472.45,458.1,469.85,463.7,464.18,2893,134286355000.0,186,1746,0.6035
2012-12-03,MAYURUNIQ,EQ,463.7,465.0,470.0,460.05,462.5,462.1,465.33,1348,62727060000.0,110,951,0.7055
2012-12-04,MAYURUNIQ,EQ,462.1,460.55,487.95,457.0,483.75,480.6,480.68,22015,1058214044999.9999,948,10300,0.4679
2012-12-05,MAYURUNIQ,EQ,480.6,480.0,507.0,478.2,489.9,487.3,494.32,12527,619237885000.0,722,4106,0.32780000000000004
2012-12-06,MAYURUNIQ,EQ,487.3,497.95,505.0,488.0,494.0,490.35,497.75,6958,346337165000.0,380,4215,0.6058
2012-12-07,MAYURUNIQ,EQ,490.35,495.1,499.0,482.1,490.0,486.15,488.28,4376,213671460000.0,277,2981,0.6812
2012-12-10,MAYURUNIQ,EQ,486.15,485.0,488.95,474.0,487.0,482.5,483.68,2350,113665500000.0,412,1457,0.62
2012-12-11,MAYURUNIQ,EQ,482.5,485.0,487.85,471.2,472.0,473.25,477.1,1635,78006515000.0,102,1134,0.6936
2012-12-12,MAYURUNIQ,EQ,473.25,470.5,480.0,470.5,471.0,472.75,474.31,1104,52364040000.0,98,850,0.7698999999999999
2012-12-13,MAYURUNIQ,EQ,472.75,472.75,478.6,462.2,466.0,466.2,468.18,3408,159557290000.0,212,2070,0.6074
2012-12-14,MAYURUNIQ,EQ,466.2,473.05,478.0,462.0,462.55,463.4,466.2,1604,74778365000.0,110,1127,0.7026000000000001
2012-12-17,MAYURUNIQ,EQ,463.4,467.05,469.6,460.4,465.0,465.4,464.17,3386,157168515000.0,375,2097,0.6193
2012-12-18,MAYURUNIQ,EQ,465.4,469.0,474.7,463.0,471.95,471.65,469.82,1103,51821265000.0,237,657,0.5956
2012-12-19,MAYURUNIQ,EQ,471.65,460.0,478.0,460.0,472.0,472.15,473.21,2112,99941875000.0,120,1138,0.5388000000000001
2012-12-20,MAYURUNIQ,EQ,472.15,470.25,478.95,470.25,470.3,472.85,472.91,1334,63085735000.0,59,1014,0.7601000000000001
2012-12-21,MAYURUNIQ,EQ,472.85,471.5,474.9,470.15,471.0,470.95,471.7,2396,113018520000.0,104,1835,0.7659
2012-12-24,MAYURUNIQ,EQ,470.95,473.5,473.5,465.55,468.0,467.4,470.52,2116,99562610000.0,74,1829,0.8644
2012-12-26,MAYURUNIQ,EQ,467.4,464.0,468.85,462.0,465.9,465.05,465.65,1847,86005590000.0,84,1384,0.7493000000000001
2012-12-27,MAYURUNIQ,EQ,465.05,460.0,479.0,460.0,479.0,473.65,469.33,1804,84667045000.0,132,1245,0.6901
2012-12-28,MAYURUNIQ,EQ,473.65,474.7,483.0,468.5,481.1,476.5,475.81,1595,75892465000.0,138,1235,0.7743000000000001
2012-12-31,MAYURUNIQ,EQ,476.5,474.95,482.0,472.3,482.0,479.9,478.14,4207,201151615000.0,149,3672,0.8728
2013-01-01,MAYURUNIQ,EQ,479.9,482.0,482.0,475.15,480.0,479.85,478.53,3342,159923210000.0,113,2101,0.6287
2013-01-02,MAYURUNIQ,EQ,479.85,480.0,491.2,477.05,483.5,484.9,486.1,6767,328945740000.0,282,5125,0.7574
2013-01-03,MAYURUNIQ,EQ,484.9,480.0,487.0,461.0,476.0,476.95,481.04,1167,56137290000.0,107,922,0.7901
2013-01-04,MAYURUNIQ,EQ,476.95,477.05,484.75,473.0,475.2,476.5,478.42,527,25212735000.0,75,351,0.6659999999999999
2013-01-07,MAYURUNIQ,EQ,476.5,480.0,480.0,469.95,473.0,473.1,473.24,1372,64928710000.0,110,900,0.6559999999999999
2013-01-08,MAYURUNIQ,EQ,473.1,473.0,491.0,469.95,475.3,480.85,477.35,5699,272039450000.0,249,4069,0.7140000000000001
2013-01-09,MAYURUNIQ,EQ,480.85,484.65,486.0,474.15,479.0,483.15,480.19,3066,147224780000.0,136,2576,0.8402
2013-01-10,MAYURUNIQ,EQ,483.15,484.5,490.0,476.5,484.05,485.05,485.53,5370,260730915000.0,219,3375,0.6285000000000001
2013-01-11,MAYURUNIQ,EQ,485.05,480.0,489.7,476.0,476.0,485.4,485.78,2952,143403450000.0,104,1967,0.6663
2013-01-14,MAYURUNIQ,EQ,485.4,481.95,482.0,472.7,472.7,475.9,474.68,1471,69824755000.0,74,1247,0.8477
2013-01-15,MAYURUNIQ,EQ,475.9,475.0,478.0,473.35,476.0,475.2,475.97,1452,69110410000.0,45,1267,0.8726
2013-01-16,MAYURUNIQ,EQ,475.2,479.45,479.45,467.9,471.0,469.9,470.51,1918,90244370000.0,62,1808,0.9426000000000001
2013-01-17,MAYURUNIQ,EQ,469.9,515.0,515.0,466.9,472.05,474.9,470.66,5322,250483400000.0,92,4835,0.9085
2013-01-18,MAYURUNIQ,EQ,474.9,472.5,477.0,472.25,476.0,475.05,474.42,3107,147403415000.0,109,2134,0.6868000000000001
2013-01-21,MAYURUNIQ,EQ,475.05,475.0,475.5,472.3,474.0,474.65,474.33,1334,63275815000.0,58,1083,0.8118000000000001
2013-01-22,MAYURUNIQ,EQ,474.65,474.5,481.05,473.5,477.45,475.2,477.81,1679,80224375000.0,108,1378,0.8207
2013-01-23,MAYURUNIQ,EQ,475.2,476.05,480.0,474.1,480.0,475.9,476.53,4447,211911725000.0,157,3224,0.725
2013-01-24,MAYURUNIQ,EQ,475.9,478.85,479.0,466.0,467.0,467.35,469.38,3507,164611625000.0,155,2671,0.7615999999999999
2013-01-25,MAYURUNIQ,EQ,467.35,465.0,478.0,461.05,475.0,472.25,470.61,2963,139442330000.0,124,1961,0.6618
2013-01-28,MAYURUNIQ,EQ,472.25,475.0,479.4,464.2,465.15,469.9,469.97,8688,408310230000.0,155,6152,0.7081000000000001
2013-01-29,MAYURUNIQ,EQ,469.9,469.0,472.0,465.05,472.0,470.7,468.28,3161,148023330000.0,100,2291,0.7248
2013-01-30,MAYURUNIQ,EQ,470.7,475.0,475.0,466.05,471.0,470.0,469.96,2764,129896445000.0,68,2139,0.7739
2013-01-31,MAYURUNIQ,EQ,470.0,470.1,483.5,466.25,479.0,477.45,473.41,3738,176962330000.0,79,2914,0.7796
2013-02-01,MAYURUNIQ,EQ,477.45,478.0,480.0,474.0,480.0,479.9,477.81,1358,64886294999.99999,60,982,0.7231000000000001
2013-02-04,MAYURUNIQ,EQ,479.9,476.0,480.0,470.0,480.0,477.05,474.55,3200,151857050000.0,132,2173,0.6790999999999999
2013-02-05,MAYURUNIQ,EQ,477.05,476.4,479.95,473.05,474.05,474.45,474.86,917,43544865000.0,73,463,0.5049
2013-02-06,MAYURUNIQ,EQ,474.45,473.25,476.7,473.0,476.5,475.35,474.7,1564,74242945000.0,65,1052,0.6726000000000001
2013-02-07,MAYURUNIQ,EQ,475.35,470.35,480.0,467.1,475.1,478.4,475.84,4043,192383645000.0,131,3189,0.7888
2013-02-08,MAYURUNIQ,EQ,478.4,483.0,483.0,475.0,478.0,478.35,479.55,2095,100465915000.0,97,1593,0.7604000000000001
2013-02-11,MAYURUNIQ,EQ,478.35,485.0,485.0,474.0,480.0,480.8,479.27,2024,97003480000.0,68,1734,0.8567
2013-02-12,MAYURUNIQ,EQ,480.8,459.9,474.95,453.6,467.5,465.3,465.79,6935,323026030000.0,273,4694,0.6769
2013-02-13,MAYURUNIQ,EQ,465.3,466.3,468.0,461.0,466.0,465.7,465.97,2970,138394155000.0,140,2474,0.833
2013-02-14,MAYURUNIQ,EQ,465.7,455.55,465.1,452.1,464.0,462.4,462.51,8715,403081290000.0,129,7757,0.8901000000000001
2013-02-15,MAYURUNIQ,EQ,462.4,460.0,460.0,436.95,443.0,444.45,445.82,6638,295935130000.0,337,4571,0.6886
2013-02-18,MAYURUNIQ,EQ,444.45,448.05,449.5,432.95,434.35,434.8,437.51,2503,109508380000.0,155,1953,0.7803
2013-02-19,MAYURUNIQ,EQ,434.8,437.0,439.9,422.2,424.0,427.95,433.78,1452,62985285000.0,134,816,0.562
2013-02-20,MAYURUNIQ,EQ,427.95,431.95,439.45,429.05,435.95,435.6,432.57,540,23358665000.0,71,238,0.44070000000000004
2013-02-21,MAYURUNIQ,EQ,435.6,421.1,433.9,421.1,426.0,426.25,426.07,1492,63569419999.99999,93,1197,0.8023
2013-02-22,MAYURUNIQ,EQ,426.25,425.95,426.0,421.1,425.0,424.85,423.5,1596,67591025000.0,83,1397,0.8753000000000001
2013-02-25,MAYURUNIQ,EQ,424.85,438.95,438.95,422.05,422.05,426.1,427.83,1299,55574785000.0,158,1114,0.8576
2013-02-26,MAYURUNIQ,EQ,426.1,428.0,433.95,421.1,424.5,421.8,424.47,2477,105140920000.0,157,1984,0.8009999999999999
2013-02-27,MAYURUNIQ,EQ,421.8,420.0,433.0,417.35,421.0,421.05,421.25,2635,110998295000.0,141,2138,0.8114
2013-02-28,MAYURUNIQ,EQ,421.05,422.05,432.95,415.0,415.0,421.65,423.9,1388,58837160000.0,82,1126,0.8112
2013-03-01,MAYURUNIQ,EQ,421.65,423.15,431.65,412.5,419.4,420.5,420.17,1484,62353465000.0,120,996,0.6712
2013-03-04,MAYURUNIQ,EQ,420.5,430.9,430.9,410.0,415.0,414.05,413.91,1374,56871115000.0,205,819,0.5961
2013-03-05,MAYURUNIQ,EQ,414.05,424.9,424.9,411.2,415.5,415.95,414.9,1782,73935490000.0,115,1338,0.7508
2013-03-06,MAYURUNIQ,EQ,415.95,422.55,424.0,413.0,420.0,420.55,419.37,762,31956334999.999996,43,609,0.7992
2013-03-07,MAYURUNIQ,EQ,420.55,422.95,425.0,419.1,425.0,423.95,423.75,911,38603515000.0,61,772,0.8473999999999999
2013-03-08,MAYURUNIQ,EQ,423.95,424.95,435.0,422.55,428.0,426.65,425.92,797,33945509999.999996,38,624,0.7829
2013-03-11,MAYURUNIQ,EQ,426.65,426.35,438.7,426.35,433.0,434.9,433.21,3557,154093925000.0,151,2917,0.8201
2013-03-12,MAYURUNIQ,EQ,434.9,435.0,440.0,433.4,435.5,435.5,435.62,1882,81983440000.0,63,1498,0.7959999999999999
2013-03-13,MAYURUNIQ,EQ,435.5,445.0,450.0,431.0,435.6,435.0,435.33,3472,151147085000.0,140,3182,0.9165000000000001
2013-03-14,MAYURUNIQ,EQ,435.0,435.0,438.95,432.2,433.5,434.0,434.87,1248,54272185000.0,38,1165,0.9335
2013-03-15,MAYURUNIQ,EQ,434.0,431.0,440.0,431.0,435.0,435.15,436.82,546,23850105000.0,43,403,0.7381000000000001
2013-03-18,MAYURUNIQ,EQ,435.15,434.2,438.75,434.2,435.0,436.45,435.48,1773,77210800000.0,21,1725,0.9729000000000001
2013-03-19,MAYURUNIQ,EQ,436.45,439.7,439.7,430.0,437.8,436.4,433.29,2617,113392795000.0,144,1836,0.7016
2013-03-20,MAYURUNIQ,EQ,436.4,432.25,435.05,405.0,414.0,414.6,426.41,8110,345817700000.0,91,4937,0.6088
2013-03-21,MAYURUNIQ,EQ,414.6,413.55,423.95,351.15,406.0,405.6,398.41,3124,124464735000.00002,268,1645,0.5266
2013-03-22,MAYURUNIQ,EQ,405.6,403.0,410.0,402.0,408.0,408.0,404.88,1204,48747590000.0,30,1166,0.9684
2013-03-25,MAYURUNIQ,EQ,408.0,415.0,415.0,399.95,405.0,400.6,402.26,2415,97146310000.0,73,1975,0.8178000000000001
2013-03-26,MAYURUNIQ,EQ,400.6,410.0,427.0,402.0,404.1,414.3,411.55,2796,115070589999.99998,73,2080,0.7439
2013-03-28,MAYURUNIQ,EQ,414.3,414.8,414.8,406.0,406.0,409.95,408.98,462,18894775000.0,26,394,0.8528
2013-04-01,MAYURUNIQ,EQ,409.95,425.0,485.0,402.05,402.15,406.8,406.94,3397,138237690000.0,172,1773,0.5219
2013-04-02,MAYURUNIQ,EQ,406.8,406.8,415.0,402.1,415.0,412.15,408.52,2832,115693714999.99998,91,2019,0.7129000000000001
2013-04-03,MAYURUNIQ,EQ,412.15,413.0,420.0,408.8,408.8,410.6,412.97,2989,123435800000.0,83,2522,0.8438
2013-04-04,MAYURUNIQ,EQ,410.6,410.0,415.0,405.0,415.0,410.95,407.74,1331,54270269999.99999,38,1104,0.8295
2013-04-05,MAYURUNIQ,EQ,410.95,410.0,414.0,407.1,414.0,411.5,409.72,619,25361795000.0,44,426,0.6881999999999999
2013-04-08,MAYURUNIQ,EQ,411.5,411.0,411.0,401.45,409.0,409.05,408.22,1212,49476145000.0,52,888,0.7327
2013-04-09,MAYURUNIQ,EQ,409.05,414.95,414.95,405.0,405.0,405.5,405.7,3807,154448810000.0,119,3204,0.8416
2013-04-10,MAYURUNIQ,EQ,405.5,423.0,423.0,401.55,416.95,412.45,407.69,582,23727490000.0,54,400,0.6873
2013-04-11,MAYURUNIQ,EQ,412.45,410.0,424.8,406.3,420.0,420.05,419.07,12313,516002605000.0,80,11832,0.9609000000000001
2013-04-12,MAYURUNIQ,EQ,420.05,410.0,416.9,400.0,404.0,406.1,407.89,834,34017834999.999996,84,515,0.6175
2013-04-15,MAYURUNIQ,EQ,406.1,405.0,420.0,405.0,414.95,414.15,413.59,549,22706255000.0,56,149,0.27140000000000003
2013-04-16,MAYURUNIQ,EQ,414.15,413.0,417.65,410.1,417.65,415.8,414.91,697,28919409999.999996,38,557,0.7991
2013-04-17,MAYURUNIQ,EQ,415.8,414.15,415.0,407.5,410.65,412.05,411.37,584,24024295000.0,50,346,0.5925
2013-04-18,MAYURUNIQ,EQ,412.05,407.0,419.95,407.0,410.0,410.15,410.56,318,13055845000.0,37,181,0.5692
2013-04-22,MAYURUNIQ,EQ,410.15,411.3,419.0,410.0,419.0,417.75,413.09,229,9459815000.0,46,165,0.7205
2013-04-23,MAYURUNIQ,EQ,417.75,419.0,427.4,413.15,423.75,423.3,420.1,865,36339080000.0,155,440,0.5086999999999999
2013-04-25,MAYURUNIQ,EQ,423.3,420.0,427.95,391.25,391.25,402.7,412.06,960,39557880000.0,84,596,0.6208
2013-04-26,MAYURUNIQ,EQ,402.7,406.0,417.9,392.1,410.0,411.4,409.44,720,29480020000.0,75,461,0.6403
2013-04-29,MAYURUNIQ,EQ,411.4,410.0,423.9,409.0,423.9,421.8,411.42,2045,84135685000.0,74,1941,0.9490999999999999
2013-04-30,MAYURUNIQ,EQ,421.8,410.4,412.1,407.1,407.1,408.95,410.35,292,11982120000.0,16,175,0.5993
2013-05-02,MAYURUNIQ,EQ,408.95,415.0,418.0,409.9,409.9,410.3,412.01,2315,95380720000.0,36,2156,0.9313
2013-05-03,MAYURUNIQ,EQ,410.3,410.0,415.0,409.8,411.2,411.2,410.43,165,6772145000.0,14,163,0.9879000000000001
2013-05-06,MAYURUNIQ,EQ,411.2,410.0,420.0,405.1,420.0,413.0,408.81,1470,60095294999.99999,52,1300,0.8844
2013-05-07,MAYURUNIQ,EQ,413.0,410.05,424.0,410.0,424.0,414.85,413.21,241,9958300000.0,30,202,0.8382
2013-05-08,MAYURUNIQ,EQ,414.85,415.0,424.95,414.0,419.7,419.6,417.58,191,7975839999.999999,20,176,0.9215000000000001
2013-05-09,MAYURUNIQ,EQ,419.6,414.05,423.75,412.0,423.0,418.6,417.28,1391,58044300000.0,101,870,0.6254
2013-05-10,MAYURUNIQ,EQ,418.6,411.5,420.9,411.5,420.9,418.75,413.6,307,12697630000.0,16,263,0.8567
2013-05-11,MAYURUNIQ,EQ,418.75,412.0,412.0,412.0,412.0,412.0,412.0,2,82400000.0,1,2,1.0
2013-05-13,MAYURUNIQ,EQ,412.0,413.05,425.0,413.05,419.8,419.8,416.39,436,18154720000.0,45,316,0.7248
2013-05-14,MAYURUNIQ,EQ,419.8,420.0,425.0,417.0,417.0,419.55,422.01,294,12407175000.0,22,212,0.7211
2013-05-15,MAYURUNIQ,EQ,419.55,425.0,457.95,423.0,453.6,452.15,449.83,13238,595489530000.0,745,2781,0.2101
2013-05-16,MAYURUNIQ,EQ,452.15,458.45,458.45,439.05,443.0,442.45,443.39,880,39018540000.0,98,590,0.6705
2013-05-17,MAYURUNIQ,EQ,442.45,436.3,444.0,436.1,443.9,441.05,440.37,390,17174279999.999998,47,240,0.6154000000000001
2013-05-20,MAYURUNIQ,EQ,441.05,443.0,454.9,423.45,445.0,441.15,438.58,1339,58726485000.0,143,870,0.6497
2013-05-21,MAYURUNIQ,EQ,441.15,440.0,455.0,430.0,450.0,450.45,446.01,2038,90897605000.0,237,809,0.397
2013-05-22,MAYURUNIQ,EQ,450.45,455.9,455.9,434.95,442.0,436.8,441.56,2050,90519220000.0,259,1019,0.49710000000000004
2013-05-23,MAYURUNIQ,EQ,436.8,431.05,435.0,426.05,434.25,432.5,432.52,1591,68813390000.0,136,1071,0.6731999999999999
2013-05-24,MAYURUNIQ,EQ,432.5,433.0,444.0,417.2,436.95,436.4,428.11,2817,120599600000.0,167,2132,0.7568000000000001
2013-05-27,MAYURUNIQ,EQ,436.4,430.0,437.0,425.0,436.0,436.0,432.22,2252,97336200000.0,125,1393,0.6186
2013-05-28,MAYURUNIQ,EQ,436.0,444.0,444.0,423.0,430.0,430.15,430.2,6779,291632155000.0,226,5704,0.8414
2013-05-29,MAYURUNIQ,EQ,430.15,439.0,439.0,431.0,433.0,435.35,433.75,1462,63414230000.00001,121,769,0.526
2013-05-30,MAYURUNIQ,EQ,435.35,433.0,436.95,425.25,430.0,429.1,430.82,1647,70955345000.0,89,1299,0.7887000000000001
2013-05-31,MAYURUNIQ,EQ,429.1,427.4,437.0,425.95,433.7,430.5,430.12,1126,48431700000.0,78,432,0.3837
2013-06-03,MAYURUNIQ,EQ,430.5,435.0,443.5,430.0,440.0,439.2,434.4,2222,96523520000.0,97,1652,0.7434999999999999
2013-06-04,MAYURUNIQ,EQ,439.2,435.0,437.95,431.0,432.0,433.05,433.67,1806,78320390000.0,66,1581,0.8754000000000001
2013-06-05,MAYURUNIQ,EQ,433.05,436.0,439.95,427.0,432.55,434.8,434.6,1039,45154905000.0,71,773,0.7440000000000001
2013-06-06,MAYURUNIQ,EQ,434.8,434.0,434.0,431.5,431.55,431.85,432.31,2480,107213310000.00002,98,1591,0.6415000000000001
2013-06-07,MAYURUNIQ,EQ,431.85,433.5,438.5,433.05,438.05,437.1,434.29,1883,81776625000.0,39,1756,0.9326000000000001
2013-06-10,MAYURUNIQ,EQ,437.1,433.25,440.0,430.1,435.0,432.65,435.08,1142,49686590000.0,52,1018,0.8914
2013-06-11,MAYURUNIQ,EQ,432.65,440.0,440.0,430.0,432.0,432.0,432.47,1757,75984720000.0,75,1476,0.8401000000000001
2013-06-12,MAYURUNIQ,EQ,432.0,426.0,439.8,425.85,439.8,438.6,436.79,1341,58574025000.0,117,666,0.4966
2013-06-13,MAYURUNIQ,EQ,438.6,432.0,436.95,429.9,433.5,433.6,432.23,533,23038075000.0,22,380,0.7129000000000001
2013-06-14,MAYURUNIQ,EQ,433.6,425.0,437.7,425.0,434.0,434.05,433.9,754,32715875000.0,66,492,0.6525
2013-06-17,MAYURUNIQ,EQ,434.05,436.0,448.95,436.0,448.95,445.45,441.78,2007,88665310000.0,127,1690,0.8421
2013-06-18,MAYURUNIQ,EQ,445.45,445.0,445.0,433.0,433.0,434.5,434.89,1864,81063160000.0,110,1221,0.655
2013-06-19,MAYURUNIQ,EQ,434.5,433.55,449.95,433.2,449.0,436.6,436.18,2603,113537930000.0,156,2104,0.8083
2013-06-20,MAYURUNIQ,EQ,436.6,430.65,442.0,430.6,437.0,436.8,435.12,17719,770983210000.0,88,17305,0.9766
2013-06-21,MAYURUNIQ,EQ,436.8,432.55,444.8,432.55,437.05,436.8,437.23,807,35284145000.0,105,480,0.5948
2013-06-24,MAYURUNIQ,EQ,436.8,434.0,437.95,433.2,436.0,435.85,435.41,779,33918615000.000004,48,500,0.6418
2013-06-25,MAYURUNIQ,EQ,435.85,437.0,439.8,433.95,435.5,435.7,435.6,1527,66516665000.0,62,1144,0.7492000000000001
2013-06-26,MAYURUNIQ,EQ,435.7,439.0,439.0,435.5,439.0,438.25,437.04,1665,72766505000.0,48,1326,0.7964
2013-06-27,MAYURUNIQ,EQ,438.25,433.2,443.0,433.2,442.0,440.4,438.48,670,29378190000.000004,61,586,0.8745999999999999
2013-06-28,MAYURUNIQ,EQ,440.4,435.0,439.0,432.35,432.35,432.8,433.79,1870,81118925000.0,83,855,0.4572
2013-07-01,MAYURUNIQ,EQ,432.8,430.0,438.5,426.6,434.0,434.1,430.17,1123,48308500000.0,44,779,0.6937000000000001
2013-07-02,MAYURUNIQ,EQ,434.1,438.95,438.95,432.1,432.1,433.65,435.06,602,26190690000.0,41,370,0.6146
2013-07-03,MAYURUNIQ,EQ,433.65,441.0,441.0,434.25,434.25,434.25,436.67,426,18602035000.0,21,189,0.4437
2013-07-04,MAYURUNIQ,EQ,434.25,430.25,433.85,421.45,424.05,429.1,430.35,703,30253280000.0,79,526,0.7482
2013-07-05,MAYURUNIQ,EQ,429.1,430.0,435.05,428.0,435.0,433.05,433.61,5134,222614179999.99997,92,4938,0.9618000000000001
2013-07-08,MAYURUNIQ,EQ,433.05,428.0,438.95,416.2,426.5,429.75,425.97,7506,319734590000.0,115,6829,0.9098
2013-07-09,MAYURUNIQ,EQ,429.75,427.35,444.9,427.35,439.75,435.25,435.13,3029,131799505000.0,254,2209,0.7293000000000001
2013-07-10,MAYURUNIQ,EQ,435.25,434.0,441.95,434.0,435.0,435.4,435.11,2105,91591240000.0,48,1847,0.8774
2013-07-11,MAYURUNIQ,EQ,435.4,436.0,436.0,426.2,429.8,430.1,433.98,1318,57198325000.0,41,1156,0.8771
2013-07-12,MAYURUNIQ,EQ,430.1,436.0,436.0,429.95,433.0,430.05,433.33,1544,66905965000.0,57,1412,0.9145000000000001
2013-07-15,MAYURUNIQ,EQ,430.05,423.3,431.65,423.3,428.0,429.3,428.5,1016,43536085000.0,32,869,0.8553000000000001
2013-07-16,MAYURUNIQ,EQ,429.3,434.9,435.0,428.0,430.0,430.0,430.34,1667,71738475000.0,99,1377,0.826
2013-07-17,MAYURUNIQ,EQ,430.0,430.05,439.9,428.0,435.0,437.6,434.13,2216,96202815000.0,325,1712,0.7726000000000001
2013-07-18,MAYURUNIQ,EQ,437.6,428.0,436.0,428.0,436.0,434.55,434.21,2108,91531420000.0,45,2056,0.9753000000000001
2013-07-19,MAYURUNIQ,EQ,434.55,434.0,439.9,433.0,433.0,434.7,434.74,1776,77210280000.0,51,1765,0.9938
2013-07-22,MAYURUNIQ,EQ,434.7,439.95,469.7,433.05,434.0,434.55,439.26,1726,75815760000.0,94,1155,0.6692
2013-07-23,MAYURUNIQ,EQ,434.55,433.65,439.0,433.65,434.65,434.6,435.29,796,34648785000.0,35,755,0.9485
2013-07-24,MAYURUNIQ,EQ,434.6,434.0,434.0,423.0,423.0,426.25,428.07,1365,58431150000.0,89,741,0.5429
2013-07-25,MAYURUNIQ,EQ,426.25,430.0,441.85,427.0,441.85,436.8,434.11,1794,77880150000.0,93,1617,0.9013
2013-07-26,MAYURUNIQ,EQ,436.8,440.0,440.0,420.95,422.0,422.85,427.95,1068,45705015000.0,125,532,0.49810000000000004
2013-07-29,MAYURUNIQ,EQ,422.85,425.0,430.5,415.0,421.15,423.9,423.97,1180,50028950000.0,89,926,0.7847
2013-07-30,MAYURUNIQ,EQ,423.9,422.6,428.45,415.5,415.5,417.75,421.68,1455,61354535000.0,112,1371,0.9423
2013-07-31,MAYURUNIQ,EQ,417.75,427.9,430.0,406.1,422.2,423.3,421.96,1969,83082975000.0,113,1648,0.8370000000000001
2013-08-01,MAYURUNIQ,EQ,423.3,421.05,431.5,420.6,427.5,423.6,424.97,4158,176704590000.0,116,3722,0.8951000000000001
2013-08-02,MAYURUNIQ,EQ,423.6,415.05,425.0,411.05,421.4,419.95,417.77,1638,68430200000.0,93,1308,0.7985
2013-08-05,MAYURUNIQ,EQ,419.95,499.0,499.0,420.35,425.0,422.9,434.65,755,32815984999.999996,53,624,0.8265000000000001
2013-08-06,MAYURUNIQ,EQ,422.9,417.0,427.9,410.0,415.0,413.15,416.83,3099,129174620000.0,189,2504,0.8079999999999999
2013-08-07,MAYURUNIQ,EQ,413.15,424.9,424.9,410.0,420.0,414.45,416.47,439,18283045000.0,67,286,0.6515000000000001
2013-08-08,MAYURUNIQ,EQ,414.45,410.5,423.0,410.5,420.0,419.3,420.31,773,32490180000.0,46,572,0.74
2013-08-12,MAYURUNIQ,EQ,419.3,424.0,426.0,413.8,420.7,419.45,422.64,2565,108408000000.0,173,2046,0.7977
2013-08-13,MAYURUNIQ,EQ,419.45,455.0,460.0,420.0,450.0,451.25,431.45,11040,476322265000.00006,587,7648,0.6928
2013-08-14,MAYURUNIQ,EQ,451.25,435.25,459.0,435.2,438.0,439.1,443.24,3910,173308600000.0,165,3471,0.8876999999999999
2013-08-16,MAYURUNIQ,EQ,439.1,441.95,449.9,432.0,440.95,437.65,441.7,4462,197088460000.0,152,4161,0.9325
2013-08-19,MAYURUNIQ,EQ,437.65,440.95,446.85,430.0,442.0,437.55,436.2,1667,72715280000.0,133,1229,0.7373000000000001
2013-08-20,MAYURUNIQ,EQ,437.55,450.0,450.0,425.15,438.0,438.1,435.82,1221,53213485000.0,91,934,0.7648999999999999
2013-08-21,MAYURUNIQ,EQ,438.1,426.05,445.0,420.0,434.0,428.25,436.64,1008,44013725000.0,95,852,0.8452
2013-08-22,MAYURUNIQ,EQ,428.25,425.0,437.9,424.9,436.0,435.7,431.53,7039,303755180000.0,119,6751,0.9591
2013-08-23,MAYURUNIQ,EQ,435.7,428.1,445.0,428.1,442.0,442.1,441.82,951,42017230000.0,66,790,0.8307
2013-08-26,MAYURUNIQ,EQ,442.1,430.0,441.1,429.0,437.0,438.9,438.31,943,41332340000.0,68,767,0.8134
2013-08-27,MAYURUNIQ,EQ,438.9,429.95,439.0,425.0,435.75,433.65,434.8,3246,141136220000.0,133,2681,0.8259000000000001
2013-08-28,MAYURUNIQ,EQ,433.65,439.95,439.95,421.15,430.0,430.6,431.26,10900,470072890000.00006,173,10251,0.9405
2013-08-29,MAYURUNIQ,EQ,430.6,422.4,435.0,422.2,431.0,430.2,430.63,1303,56110940000.0,84,919,0.7053
2013-08-30,MAYURUNIQ,EQ,430.2,432.15,438.0,430.05,435.0,433.8,432.26,1977,85458535000.0,144,1615,0.8169
2013-09-02,MAYURUNIQ,EQ,433.8,440.0,449.0,439.95,440.0,440.95,441.9,1601,70747740000.0,129,1298,0.8107
2013-09-03,MAYURUNIQ,EQ,440.95,434.9,448.0,430.0,437.0,433.25,434.62,7469,324621245000.0,204,6817,0.9127
2013-09-04,MAYURUNIQ,EQ,433.25,443.3,443.3,438.0,440.0,440.0,438.13,209,9156920000.0,10,205,0.9809000000000001
2013-09-05,MAYURUNIQ,EQ,440.0,431.35,449.0,431.35,449.0,444.6,442.67,2019,89376020000.0,37,1748,0.8658
2013-09-06,MAYURUNIQ,EQ,444.6,442.95,450.95,440.0,448.0,445.1,447.08,1596,71353790000.0,70,1316,0.8246
2013-09-10,MAYURUNIQ,EQ,445.1,445.0,445.0,438.25,442.0,440.8,440.9,1164,51321195000.0,37,994,0.8540000000000001
2013-09-11,MAYURUNIQ,EQ,440.8,449.0,461.0,440.1,458.0,454.4,454.45,2403,109203764999.99998,157,1801,0.7495
2013-09-12,MAYURUNIQ,EQ,454.4,455.25,465.95,455.0,465.95,462.75,459.3,3281,150697385000.0,103,2854,0.8699
2013-09-13,MAYURUNIQ,EQ,462.75,465.0,471.0,462.3,471.0,470.2,466.52,2915,135989210000.00002,71,2820,0.9673999999999999
2013-09-16,MAYURUNIQ,EQ,470.2,472.0,481.0,460.0,465.0,464.85,469.64,5358,251630790000.0,273,4132,0.7712000000000001
2013-09-17,MAYURUNIQ,EQ,464.85,462.0,468.0,461.0,462.3,464.75,463.33,1635,75754230000.0,101,1354,0.8281000000000001
2013-09-18,MAYURUNIQ,EQ,464.75,472.95,472.95,458.75,464.0,463.6,462.11,1658,76617385000.0,96,1272,0.7672
2013-09-19,MAYURUNIQ,EQ,463.6,475.9,484.95,461.0,461.0,462.25,464.66,782,36336210000.0,55,557,0.7123
2013-09-20,MAYURUNIQ,EQ,462.25,451.5,469.95,451.0,459.0,458.25,456.07,2270,103526755000.0,90,1920,0.8458
2013-09-23,MAYURUNIQ,EQ,458.25,460.0,460.0,440.0,445.0,445.0,446.97,3739,167120270000.0,192,3238,0.866
2013-09-24,MAYURUNIQ,EQ,445.0,455.0,455.0,445.0,450.0,449.05,450.31,937,42194195000.0,88,730,0.7791
2013-09-25,MAYURUNIQ,EQ,449.05,242.0,242.0,228.0,240.0,239.05,236.04,4076,96209915000.0,312,2190,0.5373
2013-09-26,MAYURUNIQ,EQ,239.05,230.05,240.0,230.05,235.65,237.7,236.65,2152,50926745000.0,95,1440,0.6691
2013-09-27,MAYURUNIQ,EQ,237.7,227.0,243.4,225.0,243.3,241.65,234.96,4632,108835514999.99998,184,3456,0.7461
2013-09-30,MAYURUNIQ,EQ,241.65,240.0,241.6,232.05,240.0,238.25,237.99,801,19063230000.0,61,503,0.628
2013-10-01,MAYURUNIQ,EQ,238.25,235.1,243.95,235.0,241.5,242.35,241.33,1707,41194710000.0,73,1443,0.8453
2013-10-03,MAYURUNIQ,EQ,242.35,243.85,247.9,235.0,241.8,241.5,241.53,2797,67555410000.0,123,2251,0.8048000000000001
2013-10-04,MAYURUNIQ,EQ,241.5,237.1,242.05,236.0,241.5,241.9,239.98,2009,48212730000.0,82,1765,0.8785
2013-10-07,MAYURUNIQ,EQ,241.9,240.0,246.45,239.95,241.0,242.75,242.46,3907,94727355000.0,87,3024,0.774
2013-10-08,MAYURUNIQ,EQ,242.75,245.0,246.0,240.25,241.9,241.9,241.7,3240,78311340000.0,98,2446,0.7549
2013-10-09,MAYURUNIQ,EQ,241.9,243.8,247.85,239.15,243.9,240.9,241.6,1194,28846525000.0,62,942,0.7889
2013-10-10,MAYURUNIQ,EQ,240.9,244.0,252.25,241.1,252.25,250.2,247.47,7147,176866840000.0,132,6615,0.9256000000000001
2013-10-11,MAYURUNIQ,EQ,250.2,243.5,261.0,243.5,257.35,257.6,256.58,10002,256636110000.0,289,8867,0.8865000000000001
2013-10-14,MAYURUNIQ,EQ,257.6,260.6,268.0,260.6,266.1,266.65,265.38,4549,120720220000.0,148,3537,0.7775
2013-10-15,MAYURUNIQ,EQ,266.65,269.55,270.0,263.1,270.0,268.9,268.21,7055,189224690000.0,267,5461,0.7741
2013-10-17,MAYURUNIQ,EQ,268.9,274.9,274.9,262.05,269.0,268.2,268.48,4995,134104245000.0,149,4348,0.8704999999999999
2013-10-18,MAYURUNIQ,EQ,268.2,270.0,272.0,268.0,268.0,268.05,269.23,4478,120560995000.0,155,3003,0.6706000000000001
2013-10-21,MAYURUNIQ,EQ,268.05,265.05,272.85,260.25,263.0,263.0,265.94,5950,158235875000.0,178,3943,0.6627
2013-10-22,MAYURUNIQ,EQ,263.0,263.15,265.95,258.0,260.5,261.05,260.36,2750,71598065000.0,95,2439,0.8869
2013-10-23,MAYURUNIQ,EQ,261.05,267.0,267.0,260.6,261.25,261.6,262.14,1708,44773830000.0,92,1195,0.6996
2013-10-24,MAYURUNIQ,EQ,261.6,261.0,262.0,250.0,260.85,260.7,258.36,8048,207928645000.0,184,7098,0.882
2013-10-25,MAYURUNIQ,EQ,260.7,259.0,267.0,258.95,264.7,264.8,263.24,4109,108165520000.0,92,3798,0.9243000000000001
2013-10-28,MAYURUNIQ,EQ,264.8,260.0,269.5,260.0,264.95,263.25,264.56,1667,44101980000.0,56,1207,0.7241
2013-10-29,MAYURUNIQ,EQ,263.25,265.05,271.05,264.05,271.0,270.1,268.34,5767,154752930000.0,137,4541,0.7874
2013-10-30,MAYURUNIQ,EQ,270.1,271.0,287.95,270.0,282.0,279.35,280.09,7889,220960475000.0,288,6371,0.8076000000000001
2013-10-31,MAYURUNIQ,EQ,279.35,280.05,290.0,279.5,285.0,285.95,285.87,9669,276405340000.0,240,8552,0.8845000000000001
2013-11-01,MAYURUNIQ,EQ,285.95,275.0,300.0,275.0,292.0,293.4,293.49,13398,393221120000.0,514,11079,0.8269
2013-11-03,MAYURUNIQ,EQ,293.4,296.0,305.0,294.0,300.0,299.35,299.6,5972,178921405000.0,212,5142,0.861
2013-11-05,MAYURUNIQ,EQ,299.35,299.35,319.7,299.0,312.9,308.55,310.54,18005,559136145000.0,420,12720,0.7065
2013-11-06,MAYURUNIQ,EQ,308.55,310.0,310.0,301.6,304.75,302.8,306.0,9837,301015975000.0,350,7005,0.7121
2013-11-07,MAYURUNIQ,EQ,302.8,306.0,308.0,302.25,305.3,306.25,305.48,4017,122710605000.0,132,2948,0.7339
2013-11-08,MAYURUNIQ,EQ,306.25,301.05,322.0,301.05,321.5,320.45,316.35,6337,200468780000.0,342,4792,0.7562000000000001
2013-11-11,MAYURUNIQ,EQ,320.45,324.0,328.45,317.0,320.25,320.25,321.86,10468,336925530000.0,242,8522,0.8140999999999999
2013-11-12,MAYURUNIQ,EQ,320.25,320.0,331.0,319.0,320.25,320.4,321.97,15149,487758780000.0,284,13182,0.8702
2013-11-13,MAYURUNIQ,EQ,320.4,310.0,315.0,291.5,306.95,305.3,303.07,26369,799168935000.0,845,18647,0.7072
2013-11-14,MAYURUNIQ,EQ,305.3,309.95,312.0,302.3,312.0,310.95,308.33,4627,142665460000.0,146,2940,0.6354
2013-11-18,MAYURUNIQ,EQ,310.95,315.5,321.0,308.5,318.0,317.7,317.17,5431,172253960000.0,185,4039,0.7437
2013-11-19,MAYURUNIQ,EQ,317.7,307.0,321.95,280.5,317.9,317.0,316.38,3755,118802100000.0,94,2919,0.7774
2013-11-20,MAYURUNIQ,EQ,317.0,320.0,369.75,317.0,347.0,342.95,346.93,21665,751621750000.0,1140,11623,0.5365
2013-11-21,MAYURUNIQ,EQ,342.95,352.0,360.0,345.0,348.5,348.2,348.87,8064,281328520000.0,277,5557,0.6890999999999999
2013-11-22,MAYURUNIQ,EQ,348.2,340.0,364.95,340.0,348.0,350.6,355.19,5154,183062475000.0,355,2707,0.5252
2013-11-25,MAYURUNIQ,EQ,350.6,353.0,353.0,333.95,340.0,338.1,343.13,6322,216927245000.00003,269,4803,0.7597
2013-11-26,MAYURUNIQ,EQ,338.1,342.0,343.0,338.05,340.0,340.05,340.14,7126,242386285000.0,160,5344,0.7499
2013-11-27,MAYURUNIQ,EQ,340.05,350.0,350.0,340.0,340.0,340.25,341.11,7543,257301140000.0,198,6150,0.8153
2013-11-28,MAYURUNIQ,EQ,340.25,345.0,345.0,340.05,341.0,340.95,341.37,2064,70459355000.0,72,1360,0.6589
2013-11-29,MAYURUNIQ,EQ,340.95,341.1,344.9,337.0,337.1,337.45,341.03,7839,267336615000.0,179,6203,0.7913
2013-12-02,MAYURUNIQ,EQ,337.45,339.0,341.7,332.0,339.0,338.95,337.2,1593,53715440000.0,95,1016,0.6378
2013-12-03,MAYURUNIQ,EQ,338.95,339.8,339.8,332.05,332.05,332.95,334.81,1630,54574275000.0,92,1181,0.7245
2013-12-04,MAYURUNIQ,EQ,332.95,333.0,342.5,327.0,334.0,332.85,333.87,3762,125600625000.0,237,2776,0.7379000000000001
2013-12-05,MAYURUNIQ,EQ,332.85,337.0,348.95,324.0,325.0,325.95,330.91,4522,149638325000.0,208,2623,0.5801
2013-12-06,MAYURUNIQ,EQ,325.95,325.0,325.0,319.0,320.0,323.05,322.65,1840,59367310000.0,129,1353,0.7353000000000001
2013-12-09,MAYURUNIQ,EQ,323.05,323.0,334.0,322.0,328.0,330.2,327.2,4677,153032100000.0,171,3848,0.8227
2013-12-10,MAYURUNIQ,EQ,330.2,328.0,329.95,322.5,326.0,325.0,324.8,5857,190233610000.0,116,4151,0.7087000000000001
2013-12-11,MAYURUNIQ,EQ,325.0,320.1,329.95,318.0,325.0,325.15,325.93,2889,94162025000.0,141,1632,0.5649000000000001
2013-12-12,MAYURUNIQ,EQ,325.15,320.15,332.0,320.15,329.85,325.75,329.26,4239,139572180000.0,158,2619,0.6178
2013-12-13,MAYURUNIQ,EQ,325.75,326.1,328.5,325.05,326.9,326.85,326.19,1632,53234319999.99999,45,990,0.6066
2013-12-16,MAYURUNIQ,EQ,326.85,325.2,334.7,325.2,329.0,328.3,328.53,2001,65737940000.0,128,1492,0.7456
2013-12-17,MAYURUNIQ,EQ,328.3,333.0,333.95,327.0,327.0,327.75,329.01,4282,140883710000.0,176,2989,0.698
2013-12-18,MAYURUNIQ,EQ,327.75,328.0,360.0,327.0,345.0,349.45,343.04,16230,556749815000.0,484,9804,0.6041
2013-12-19,MAYURUNIQ,EQ,349.45,357.95,357.95,340.0,346.0,340.7,344.41,1490,51316845000.0,158,778,0.5221
2013-12-20,MAYURUNIQ,EQ,340.7,338.6,349.85,337.05,344.8,342.25,343.46,3333,114476435000.00002,135,2256,0.6769
2013-12-23,MAYURUNIQ,EQ,342.25,347.0,356.7,344.25,350.0,352.95,352.01,17397,612386565000.0,468,11560,0.6645000000000001
2013-12-24,MAYURUNIQ,EQ,352.95,352.95,354.5,342.2,346.05,347.8,351.09,3053,107187960000.00002,154,1879,0.6154999999999999
2013-12-26,MAYURUNIQ,EQ,347.8,345.0,347.9,335.1,345.0,346.5,343.62,966,33193515000.000004,82,608,0.6294
2013-12-27,MAYURUNIQ,EQ,346.5,344.0,349.7,338.0,339.0,340.2,344.53,4331,149214210000.0,154,3694,0.8529000000000001
2013-12-30,MAYURUNIQ,EQ,340.2,339.95,345.0,339.1,341.0,340.1,343.33,7069,242698275000.0,121,5942,0.8406
2013-12-31,MAYURUNIQ,EQ,340.1,340.0,342.0,338.0,342.0,340.65,341.02,1579,53846605000.00001,79,1286,0.8144
2014-01-01,MAYURUNIQ,EQ,340.65,342.2,344.0,336.0,339.3,336.7,339.28,2510,85158700000.0,99,1830,0.7291
2014-01-02,MAYURUNIQ,EQ,336.7,341.0,346.9,336.7,337.0,339.25,341.57,4581,156471690000.0,171,3673,0.8018000000000001
2014-01-03,MAYURUNIQ,EQ,339.25,337.0,341.95,335.3,338.25,338.65,338.89,2453,83130290000.0,133,1389,0.5662
2014-01-06,MAYURUNIQ,EQ,338.65,336.4,342.0,335.0,340.0,336.35,336.82,3050,102731570000.0,122,2015,0.6607
2014-01-07,MAYURUNIQ,EQ,336.35,337.0,359.7,336.5,350.0,351.0,349.92,14747,516025755000.0,630,6340,0.4299
2014-01-08,MAYURUNIQ,EQ,351.0,345.05,364.95,343.0,343.05,345.45,354.41,13066,463077900000.0,380,8160,0.6245
2014-01-09,MAYURUNIQ,EQ,345.45,343.25,349.8,341.15,347.0,346.95,346.01,3249,112418020000.0,176,2054,0.6322
2014-01-10,MAYURUNIQ,EQ,346.95,347.0,355.8,344.15,355.8,351.9,349.0,9828,342996880000.0,205,8170,0.8312999999999999
2014-01-13,MAYURUNIQ,EQ,351.9,351.9,355.7,342.3,342.3,346.05,349.63,2484,86848715000.0,178,1845,0.7428
2014-01-14,MAYURUNIQ,EQ,346.05,346.5,349.95,343.5,343.5,345.5,345.79,919,31778130000.0,44,837,0.9108
2014-01-15,MAYURUNIQ,EQ,345.5,341.6,350.35,341.6,345.6,344.45,346.23,3628,125612055000.0,146,2413,0.6651
2014-01-16,MAYURUNIQ,EQ,344.45,345.1,345.1,342.1,344.0,344.0,343.13,1361,46699730000.0,39,1006,0.7392000000000001
2014-01-17,MAYURUNIQ,EQ,344.0,346.55,346.55,341.05,342.6,343.9,343.4,1989,68302175000.0,84,1611,0.81
2014-01-20,MAYURUNIQ,EQ,343.9,343.9,349.0,330.0,349.0,347.1,343.34,3726,127927595000.0,130,3289,0.8826999999999999
2014-01-21,MAYURUNIQ,EQ,347.1,342.0,353.9,342.0,349.0,351.7,348.51,3160,110128000000.0,158,1974,0.6247
2014-01-22,MAYURUNIQ,EQ,351.7,352.0,354.0,342.1,342.1,342.25,346.21,4787,165731090000.0,115,3690,0.7708
2014-01-23,MAYURUNIQ,EQ,342.25,344.0,346.0,338.85,341.85,340.0,341.88,1093,37367835000.0,67,657,0.6011
2014-01-24,MAYURUNIQ,EQ,340.0,340.0,347.0,335.0,342.0,341.8,339.61,2145,72846595000.0,149,1417,0.6606000000000001
2014-01-27,MAYURUNIQ,EQ,341.8,342.0,342.0,325.1,331.1,331.65,332.57,3253,108186014999.99998,148,2700,0.8300000000000001
2014-01-28,MAYURUNIQ,EQ,331.65,326.0,349.0,322.0,331.25,332.85,337.31,16578,559196800000.0,688,4991,0.3011
2014-01-29,MAYURUNIQ,EQ,332.85,331.1,335.9,331.0,331.75,331.8,332.06,1797,59670810000.0,85,1104,0.6144
2014-01-30,MAYURUNIQ,EQ,331.8,326.8,332.9,325.0,332.5,332.15,330.59,7139,236006354999.99997,99,6770,0.9483
2014-01-31,MAYURUNIQ,EQ,332.15,336.0,338.0,334.55,337.5,337.3,336.19,1043,35064130000.0,39,871,0.8351000000000001
2014-02-03,MAYURUNIQ,EQ,337.3,338.0,348.0,335.0,347.9,347.9,345.88,2494,86263025000.0,95,2122,0.8508
2014-02-04,MAYURUNIQ,EQ,347.9,340.0,354.1,340.0,352.7,350.8,346.7,1380,47844370000.0,111,973,0.7051000000000001
2014-02-05,MAYURUNIQ,EQ,350.8,348.0,363.0,348.0,358.0,360.35,356.26,9416,335454120000.0,265,8172,0.8679000000000001
2014-02-06,MAYURUNIQ,EQ,360.35,365.0,412.0,365.0,404.9,403.5,401.03,87875,3524050200000.0,4815,18979,0.21600000000000003
2014-02-07,MAYURUNIQ,EQ,403.5,404.75,404.75,355.25,378.05,381.85,383.14,24705,946542960000.0,1366,10971,0.4441
2014-02-10,MAYURUNIQ,EQ,381.85,382.0,409.95,381.95,386.0,392.6,399.28,22190,886006660000.0,942,13040,0.5877
2014-02-11,MAYURUNIQ,EQ,392.6,393.8,413.0,388.7,410.05,406.85,402.87,29582,1191779530000.0,882,22840,0.7721
2014-02-12,MAYURUNIQ,EQ,406.85,411.0,468.0,410.05,455.0,460.35,445.38,166017,7394055225000.0,6926,43935,0.2646
2014-02-13,MAYURUNIQ,EQ,460.35,467.0,470.0,401.0,426.5,438.0,438.51,236892,10388046390000.0,10103,58240,0.2459
2014-02-14,MAYURUNIQ,EQ,438.0,430.0,439.7,410.0,432.0,430.5,426.57,51762,2208007515000.0,2461,25290,0.4886
2014-02-17,MAYURUNIQ,EQ,430.5,431.9,449.95,425.2,428.0,428.6,434.9,34062,1481362885000.0,1669,12984,0.3812
2014-02-18,MAYURUNIQ,EQ,428.6,422.05,444.6,421.7,439.0,438.8,437.55,22821,998529880000.0001,1321,12938,0.5669
2014-02-19,MAYURUNIQ,EQ,438.8,441.9,447.9,433.05,443.1,444.75,442.67,12634,559264095000.0,687,7702,0.6096
2014-02-20,MAYURUNIQ,EQ,444.75,439.35,484.0,439.35,459.45,457.95,470.98,101143,4763625565000.0,4702,29475,0.2914
2014-02-21,MAYURUNIQ,EQ,457.95,456.75,473.1,452.0,452.2,458.4,464.88,17397,808748315000.0,1076,7666,0.44070000000000004
2014-02-24,MAYURUNIQ,EQ,458.4,457.65,464.85,450.1,457.6,459.55,460.49,9245,425718825000.0,621,4965,0.537
2014-02-25,MAYURUNIQ,EQ,459.55,460.8,466.35,452.0,463.2,463.5,462.3,8016,370576195000.0,353,6105,0.7615999999999999
2014-02-26,MAYURUNIQ,EQ,463.5,463.5,482.0,450.6,458.0,458.55,466.08,22419,1044903750000.0,951,11301,0.5041
2014-02-28,MAYURUNIQ,EQ,458.55,458.05,469.8,458.0,464.0,466.1,465.88,10156,473149809999.99994,402,6971,0.6864
2014-03-03,MAYURUNIQ,EQ,466.1,474.95,476.0,461.3,468.0,468.65,470.49,14899,700978205000.0,830,7865,0.5279
2014-03-04,MAYURUNIQ,EQ,468.65,470.0,487.5,470.0,483.0,484.7,481.87,17837,859502605000.0001,870,10497,0.5885
2014-03-05,MAYURUNIQ,EQ,484.7,487.0,493.75,482.75,482.85,483.35,487.03,20340,990613075000.0,519,10965,0.5391
2014-03-06,MAYURUNIQ,EQ,483.35,489.05,489.05,456.0,485.0,472.85,474.27,33295,1579089475000.0,865,16885,0.5071
2014-03-07,MAYURUNIQ,EQ,472.85,475.55,485.0,469.0,469.0,470.5,475.67,9827,467444040000.00006,442,5972,0.6077
2014-03-10,MAYURUNIQ,EQ,470.5,480.0,480.0,470.0,479.0,476.6,474.25,7038,333773940000.0,390,2569,0.365
2014-03-11,MAYURUNIQ,EQ,476.6,471.8,480.0,469.0,472.0,471.25,472.41,27228,1286277035000.0,363,21874,0.8034
2014-03-12,MAYURUNIQ,EQ,471.25,466.5,473.0,466.0,466.0,467.5,469.0,3474,162932095000.0,162,2454,0.7064
2014-03-13,MAYURUNIQ,EQ,467.5,465.1,472.0,457.1,464.2,462.9,465.46,15193,707177065000.0,520,5766,0.37950000000000006
2014-03-14,MAYURUNIQ,EQ,462.9,458.95,468.95,456.8,468.95,466.45,462.77,4230,195752830000.0,211,2776,0.6563
2014-03-18,MAYURUNIQ,EQ,466.45,469.0,472.7,464.05,467.8,466.15,470.51,12907,607292830000.0,347,11232,0.8702
2014-03-19,MAYURUNIQ,EQ,466.15,468.0,471.9,452.0,465.0,466.8,467.16,66723,3117028265000.0,959,26890,0.40299999999999997
2014-03-20,MAYURUNIQ,EQ,466.8,473.0,522.0,467.5,518.0,518.35,507.79,196017,9953507095000.0,8348,50706,0.25870000000000004
2014-03-21,MAYURUNIQ,EQ,518.35,519.0,574.5,517.0,564.7,562.9,542.88,128757,6989960870000.0,6133,26336,0.2045
2014-03-22,MAYURUNIQ,EQ,562.9,567.9,598.4,561.25,562.0,567.0,580.61,44410,2578492505000.0,2177,16630,0.37450000000000006
2014-03-24,MAYURUNIQ,EQ,567.0,567.0,573.0,550.4,572.0,563.95,560.28,25596,1434087400000.0,1841,10336,0.40380000000000005
2014-03-25,MAYURUNIQ,EQ,563.95,570.0,585.95,556.25,566.05,569.1,575.6,30899,1778557560000.0002,2002,9963,0.3224
2014-03-26,MAYURUNIQ,EQ,569.1,561.0,588.0,561.0,580.0,583.35,577.37,20334,1174027140000.0,1071,10889,0.5355
2014-03-27,MAYURUNIQ,EQ,583.35,585.0,643.0,585.0,617.0,617.75,624.64,89144,5568259670000.0,4918,26466,0.2969
2014-03-28,MAYURUNIQ,EQ,617.75,322.0,361.95,320.0,325.1,327.55,337.53,132268,4464450670000.0,7825,41839,0.31629999999999997
2014-03-31,MAYURUNIQ,EQ,327.55,334.0,350.0,326.0,329.9,328.75,332.64,33936,1128846355000.0,1577,13625,0.40149999999999997
2014-04-01,MAYURUNIQ,EQ,328.75,331.65,331.65,301.05,310.0,311.9,312.63,35835,1120296960000.0,1659,17575,0.4904
2014-04-02,MAYURUNIQ,EQ,311.9,312.05,314.0,282.0,291.9,295.35,295.03,98661,2910779805000.0,3383,44066,0.4466
2014-04-03,MAYURUNIQ,EQ,295.35,302.85,302.85,287.2,291.25,291.45,291.32,28588,832819650000.0,1315,11340,0.39670000000000005
2014-04-04,MAYURUNIQ,EQ,291.45,294.65,309.8,290.25,300.0,300.6,302.21,46803,1414418395000.0,1529,24911,0.5323
2014-04-07,MAYURUNIQ,EQ,300.6,300.0,307.0,289.0,297.4,294.05,294.04,21905,644104505000.0,894,12273,0.5603
2014-04-09,MAYURUNIQ,EQ,294.05,299.6,301.1,294.1,300.05,299.1,297.92,15007,447095765000.00006,564,10149,0.6763
2014-04-10,MAYURUNIQ,EQ,299.1,295.35,300.0,294.0,294.95,295.6,296.87,19436,576991995000.0,632,12829,0.6601
2014-04-11,MAYURUNIQ,EQ,295.6,292.6,294.9,280.0,288.0,288.4,289.19,21354,617542975000.0,814,13579,0.6359
2014-04-15,MAYURUNIQ,EQ,288.4,285.5,298.0,285.0,286.0,286.35,287.84,12245,352464510000.0,472,8149,0.6655
2014-04-16,MAYURUNIQ,EQ,286.35,291.95,291.95,270.0,274.95,274.05,276.2,22338,616964665000.0,1042,14402,0.6447
2014-04-17,MAYURUNIQ,EQ,274.05,273.0,308.8,273.0,299.3,300.0,297.71,97786,2911164815000.0,3560,32618,0.3336
2014-04-21,MAYURUNIQ,EQ,300.0,313.0,315.3,302.5,304.0,304.05,308.1,34090,1050307035000.0,1266,20104,0.5897
2014-04-22,MAYURUNIQ,EQ,304.05,300.3,315.0,298.6,303.7,304.75,303.88,23052,700494550000.0,1474,16202,0.7028
2014-04-23,MAYURUNIQ,EQ,304.75,308.75,308.75,292.6,296.9,295.5,298.29,17883,533428559999.99994,788,12062,0.6745
2014-04-25,MAYURUNIQ,EQ,295.5,290.25,306.0,290.25,303.25,301.3,300.79,22329,671640195000.0,1591,11364,0.5089
2014-04-28,MAYURUNIQ,EQ,301.3,304.9,304.95,295.0,304.95,302.3,299.5,12108,362630830000.0,465,9593,0.7923
2014-04-29,MAYURUNIQ,EQ,302.3,308.5,308.5,288.0,289.95,291.45,295.37,17255,509666800000.0,645,13755,0.7972
2014-04-30,MAYURUNIQ,EQ,291.45,293.5,297.95,278.5,284.0,283.4,286.36,23046,659952710000.0,1349,16138,0.7003
2014-05-02,MAYURUNIQ,EQ,283.4,282.25,292.0,281.5,288.6,288.6,286.03,17556,502152170000.0,728,11217,0.6389
2014-05-05,MAYURUNIQ,EQ,288.6,290.15,313.0,290.15,306.7,308.55,306.71,72533,2224636655000.0,2819,29634,0.4086
2014-05-06,MAYURUNIQ,EQ,308.55,307.0,310.0,296.0,300.0,299.5,302.9,17222,521646325000.0,878,10547,0.6124
2014-05-07,MAYURUNIQ,EQ,299.5,302.95,308.0,300.5,305.0,304.75,304.11,22504,684367245000.0,735,16935,0.7525000000000001
2014-05-08,MAYURUNIQ,EQ,304.75,301.15,309.0,301.15,309.0,306.6,304.98,15847,483293890000.00006,666,11300,0.7131000000000001
2014-05-09,MAYURUNIQ,EQ,306.6,306.0,328.9,300.1,310.0,310.45,318.84,78337,2497729945000.0,2749,36147,0.46140000000000003
2014-05-12,MAYURUNIQ,EQ,310.45,310.55,324.3,310.55,322.0,319.45,319.44,33714,1076955310000.0,1230,25047,0.7429000000000001
2014-05-13,MAYURUNIQ,EQ,319.45,325.0,327.9,315.5,322.0,320.35,320.14,33565,1074565640000.0,885,28005,0.8344
2014-05-14,MAYURUNIQ,EQ,320.35,317.1,323.95,317.1,320.0,320.25,320.26,14419,461788095000.0,638,10733,0.7444
2014-05-15,MAYURUNIQ,EQ,320.25,317.0,325.0,315.0,321.5,320.35,320.49,34985,1121242025000.0,779,25742,0.7358
2014-05-16,MAYURUNIQ,EQ,320.35,315.1,330.0,301.0,323.0,322.1,321.82,26624,856808965000.0,797,20653,0.7757
2014-05-19,MAYURUNIQ,EQ,322.1,322.1,328.0,300.0,305.45,302.55,311.52,23538,733262525000.0,991,16529,0.7022
2014-05-20,MAYURUNIQ,EQ,302.55,306.0,315.0,302.2,314.5,311.7,307.66,17294,532073415000.00006,720,13057,0.755
2014-05-21,MAYURUNIQ,EQ,311.7,315.0,324.0,309.65,312.0,312.2,313.8,12418,389671805000.0,483,8179,0.6586
2014-05-22,MAYURUNIQ,EQ,312.2,316.9,323.0,311.1,321.95,320.2,319.49,24916,796029640000.0,597,16968,0.6809999999999999
2014-05-23,MAYURUNIQ,EQ,320.2,322.0,327.0,318.0,320.0,319.9,321.89,35187,1132627665000.0,647,25634,0.7284999999999999
2014-05-26,MAYURUNIQ,EQ,319.9,335.0,354.8,328.0,335.1,334.2,342.56,110128,3772571160000.0,2661,62537,0.5679
2014-05-27,MAYURUNIQ,EQ,334.2,335.05,342.0,331.05,337.0,337.85,336.34,18426,619738175000.0,562,14022,0.761
2014-05-28,MAYURUNIQ,EQ,337.85,339.35,353.95,336.9,338.9,339.5,340.44,24940,849054685000.0,624,16119,0.6463
2014-05-29,MAYURUNIQ,EQ,339.5,343.95,344.0,326.45,333.0,333.95,334.52,12087,404334950000.0,341,9465,0.7831
2014-05-30,MAYURUNIQ,EQ,333.95,340.0,351.0,339.0,342.05,343.9,343.66,26961,926536950000.0,901,17464,0.6478
2014-06-02,MAYURUNIQ,EQ,343.9,345.0,351.0,332.0,333.7,333.9,337.47,18262,616286455000.0,616,15063,0.8248000000000001
2014-06-03,MAYURUNIQ,EQ,333.9,335.0,338.65,321.6,333.95,331.6,331.7,21907,726660925000.0,637,15901,0.7258
2014-06-04,MAYURUNIQ,EQ,331.6,327.55,355.0,327.05,355.0,353.85,346.16,98829,3421074285000.0,1384,55889,0.5655
2014-06-05,MAYURUNIQ,EQ,353.85,348.05,383.3,348.0,371.0,371.55,366.07,108896,3986367379999.9995,2770,60445,0.5551
2014-06-06,MAYURUNIQ,EQ,371.55,375.05,388.0,372.2,376.5,378.35,379.73,38556,1464082915000.0,1353,21548,0.5589000000000001
2014-06-09,MAYURUNIQ,EQ,378.35,378.5,383.05,371.55,375.0,373.45,375.53,18027,676962250000.0,693,11823,0.6558
2014-06-10,MAYURUNIQ,EQ,373.45,371.45,379.0,350.0,361.0,360.1,359.11,20399,732554580000.0,920,13339,0.6539
2014-06-11,MAYURUNIQ,EQ,360.1,360.0,372.0,355.15,363.15,364.25,363.2,14759,536044345000.0,686,9543,0.6466
2014-06-12,MAYURUNIQ,EQ,364.25,360.6,385.0,353.1,375.0,373.55,371.42,36957,1372674465000.0,1500,17992,0.4868
2014-06-13,MAYURUNIQ,EQ,373.55,373.8,380.0,360.0,365.0,363.85,368.96,22476,829272870000.0,888,12956,0.5764
2014-06-16,MAYURUNIQ,EQ,363.85,373.95,373.95,357.25,359.0,361.3,361.84,13046,472058090000.00006,459,9375,0.7186
2014-06-17,MAYURUNIQ,EQ,361.3,362.0,368.9,353.0,360.45,359.9,358.55,14384,515736334999.99994,742,9347,0.6498
2014-06-18,MAYURUNIQ,EQ,359.9,369.0,373.05,355.0,359.7,360.55,366.13,23240,850891069999.9999,787,18131,0.7802
2014-06-19,MAYURUNIQ,EQ,360.55,366.8,372.95,356.1,359.0,358.8,361.3,49465,1787184750000.0,871,39078,0.79
2014-06-20,MAYURUNIQ,EQ,358.8,360.95,369.0,359.0,359.5,360.85,362.08,17611,637656360000.0,703,7602,0.43170000000000003
2014-06-23,MAYURUNIQ,EQ,360.85,367.85,376.95,363.35,371.1,370.25,370.97,39158,1452638020000.0,1077,27326,0.6978
2014-06-24,MAYURUNIQ,EQ,370.25,371.1,375.0,367.0,369.05,368.85,370.99,13821,512739190000.00006,541,9191,0.665
2014-06-25,MAYURUNIQ,EQ,368.85,378.95,378.95,363.0,363.0,364.35,368.9,14842,547519115000.00006,501,11692,0.7878000000000001
2014-06-26,MAYURUNIQ,EQ,364.35,366.3,373.0,362.0,368.1,368.9,369.9,23608,873255955000.0001,599,19527,0.8271
2014-06-27,MAYURUNIQ,EQ,368.9,366.0,375.1,366.0,371.7,374.5,373.05,17029,635269145000.0,495,14509,0.8520000000000001
2014-06-30,MAYURUNIQ,EQ,374.5,391.9,391.9,357.7,375.0,375.5,377.04,41978,1582754590000.0,1589,27208,0.6481
2014-07-01,MAYURUNIQ,EQ,375.5,377.9,383.45,372.0,381.1,382.6,377.94,34681,1310736400000.0,813,27101,0.7814
2014-07-02,MAYURUNIQ,EQ,382.6,375.25,386.9,375.25,386.2,385.9,384.01,16346,627700005000.0,666,11102,0.6792
2014-07-03,MAYURUNIQ,EQ,385.9,384.0,390.0,380.35,383.0,382.9,384.77,13316,512354495000.0,603,9438,0.7088
2014-07-04,MAYURUNIQ,EQ,382.9,385.0,398.95,382.0,387.9,391.85,392.29,57756,2265695785000.0,1538,37986,0.6577
2014-07-07,MAYURUNIQ,EQ,391.85,393.95,406.7,387.05,393.0,391.7,395.41,29398,1162433405000.0,1243,15248,0.5186999999999999
2014-07-08,MAYURUNIQ,EQ,391.7,395.0,421.0,375.0,382.0,381.1,386.58,29582,1143587220000.0,1003,23631,0.7988
2014-07-09,MAYURUNIQ,EQ,381.1,382.0,396.0,381.0,385.55,387.6,388.21,16541,642132190000.0,925,10255,0.62
2014-07-10,MAYURUNIQ,EQ,387.6,383.7,403.0,374.0,395.0,392.85,386.7,27452,1061564635000.0,942,19451,0.7084999999999999
2014-07-11,MAYURUNIQ,EQ,392.85,402.75,402.75,385.5,388.0,386.9,393.4,17851,702252330000.0,577,12144,0.6803
2014-07-14,MAYURUNIQ,EQ,386.9,387.0,395.0,380.0,382.1,382.5,385.17,9197,354239645000.0,679,5451,0.5927
2014-07-15,MAYURUNIQ,EQ,382.5,387.95,401.95,382.55,395.0,398.25,392.79,64699,2541322130000.0,1161,49287,0.7618
2014-07-16,MAYURUNIQ,EQ,398.25,395.2,419.75,395.2,416.25,417.05,409.97,44500,1824353325000.0,1356,29562,0.6643000000000001
2014-07-17,MAYURUNIQ,EQ,417.05,415.5,441.95,413.8,435.0,435.15,432.98,61394,2658242785000.0,2360,41866,0.6819
2014-07-18,MAYURUNIQ,EQ,435.15,430.0,447.9,422.3,440.0,441.35,439.19,22182,974211119999.9999,953,14053,0.6335000000000001
2014-07-21,MAYURUNIQ,EQ,441.35,454.75,463.2,436.55,460.1,460.75,450.35,59688,2688058670000.0,1474,36660,0.6142000000000001
2014-07-22,MAYURUNIQ,EQ,460.75,465.0,479.0,462.5,467.0,472.5,474.18,26591,1260904815000.0,1242,15759,0.5926
2014-07-23,MAYURUNIQ,EQ,472.5,484.0,485.0,463.05,471.9,471.25,473.17,23939,1132721895000.0,1060,13128,0.5484
2014-07-24,MAYURUNIQ,EQ,471.25,470.15,475.25,462.55,468.0,464.85,467.61,12656,591811480000.0,370,10553,0.8338
2014-07-25,MAYURUNIQ,EQ,464.85,462.35,466.85,447.05,450.0,450.6,451.8,23757,1073335460000.0,835,15843,0.6668999999999999
2014-07-28,MAYURUNIQ,EQ,450.6,455.0,459.0,438.05,445.0,450.4,452.29,13684,618911850000.0,746,7521,0.5496
2014-07-30,MAYURUNIQ,EQ,450.4,454.0,460.0,437.0,448.5,448.75,451.99,14402,650951630000.0,663,9472,0.6577
2014-07-31,MAYURUNIQ,EQ,448.75,450.0,451.0,427.0,429.85,430.65,438.71,19770,867326144999.9999,825,13989,0.7076000000000001
2014-08-01,MAYURUNIQ,EQ,430.65,430.65,458.0,420.8,427.0,429.6,434.32,28529,1239080405000.0,1112,20130,0.7056
2014-08-04,MAYURUNIQ,EQ,429.6,426.0,448.0,426.0,446.5,444.1,442.62,8937,395573945000.0,351,6896,0.7716
2014-08-05,MAYURUNIQ,EQ,444.1,440.0,463.5,440.0,458.25,455.05,456.52,23440,1070088405000.0001,896,13978,0.5963
2014-08-06,MAYURUNIQ,EQ,455.05,455.0,455.0,446.25,451.0,450.6,451.46,7000,316024395000.0,363,4343,0.6204
2014-08-07,MAYURUNIQ,EQ,450.6,446.1,456.5,441.3,448.0,448.3,447.91,9733,435951880000.0,532,5407,0.5555
2014-08-08,MAYURUNIQ,EQ,448.3,445.0,458.9,443.0,449.0,447.75,448.09,11675,523149670000.0,728,6199,0.531
2014-08-11,MAYURUNIQ,EQ,447.75,449.0,465.8,445.2,449.5,449.25,451.88,19351,874438290000.0,1057,12972,0.6704000000000001
2014-08-12,MAYURUNIQ,EQ,449.25,454.25,454.25,443.0,451.0,447.55,448.23,16401,735136510000.0,601,10339,0.6304
2014-08-13,MAYURUNIQ,EQ,447.55,429.8,439.0,406.0,408.15,412.25,424.39,86116,3654646895000.0005,2746,43941,0.5103
2014-08-14,MAYURUNIQ,EQ,412.25,413.0,429.9,402.4,418.0,418.4,417.93,36400,1521281180000.0,1194,24058,0.6609
2014-08-18,MAYURUNIQ,EQ,418.4,424.0,429.0,402.65,405.0,405.85,410.5,28252,1159736145000.0,1303,19539,0.6916
2014-08-19,MAYURUNIQ,EQ,405.85,407.1,414.7,402.5,406.0,406.7,407.95,22916,934864650000.0,813,16220,0.7078
2014-08-20,MAYURUNIQ,EQ,406.7,419.9,419.9,405.5,409.0,408.5,410.83,16851,692281915000.0,873,7323,0.43460000000000004
2014-08-21,MAYURUNIQ,EQ,408.5,408.0,423.5,408.0,423.4,422.4,418.45,18987,794505455000.0,1101,11755,0.6191
2014-08-22,MAYURUNIQ,EQ,422.4,423.9,429.45,413.65,415.0,416.45,417.15,12432,518598600000.0,768,6556,0.5273
2014-08-25,MAYURUNIQ,EQ,416.45,426.9,426.9,412.5,415.95,414.25,417.16,12724,530800334999.99994,1064,6953,0.5464
2014-08-26,MAYURUNIQ,EQ,414.25,411.5,423.0,409.0,411.0,410.65,412.62,12614,520475950000.0,903,6134,0.4863
2014-08-27,MAYURUNIQ,EQ,410.65,417.75,417.75,408.1,408.5,410.45,412.66,8945,369128130000.0,489,4797,0.5363
2014-08-28,MAYURUNIQ,EQ,410.45,410.1,452.7,407.5,423.55,427.55,435.89,83060,3620508854999.9995,3373,20224,0.24350000000000002
2014-09-01,MAYURUNIQ,EQ,427.55,428.0,438.35,427.55,437.7,434.45,432.68,12011,519691290000.00006,567,7609,0.6335000000000001
2014-09-02,MAYURUNIQ,EQ,434.45,427.0,448.85,427.0,443.0,441.8,443.72,19491,864854040000.0,1322,12268,0.6294
2014-09-03,MAYURUNIQ,EQ,441.8,437.4,450.0,419.25,441.0,436.65,438.99,36735,1612631010000.0,2237,18059,0.4916
2014-09-04,MAYURUNIQ,EQ,436.65,434.45,443.0,430.0,438.9,431.75,433.7,9876,428326709999.99994,713,6584,0.6667000000000001
2014-09-05,MAYURUNIQ,EQ,431.75,443.4,443.4,430.1,434.0,431.9,434.92,8599,373989125000.0,637,5565,0.6472
2014-09-08,MAYURUNIQ,EQ,431.9,432.0,438.0,425.05,425.05,430.25,431.07,39312,1694637910000.0002,1480,30774,0.7828
2014-09-09,MAYURUNIQ,EQ,430.25,435.0,460.0,421.0,453.0,452.75,449.2,68447,3074661650000.0,3199,33969,0.4963
2014-09-10,MAYURUNIQ,EQ,452.75,453.0,467.65,453.0,455.5,457.55,460.59,37795,1740791820000.0,1631,20061,0.5307999999999999
2014-09-11,MAYURUNIQ,EQ,457.55,464.3,464.4,450.4,454.0,454.35,455.11,19413,883506335000.0,693,14386,0.741
2014-09-12,MAYURUNIQ,EQ,454.35,455.0,456.55,441.0,447.5,447.45,447.28,28383,1269510190000.0,1195,19532,0.6881999999999999
2014-09-15,MAYURUNIQ,EQ,447.45,439.0,459.0,439.0,445.1,445.55,450.59,26938,1213805430000.0,1435,16034,0.5952000000000001
2014-09-16,MAYURUNIQ,EQ,445.55,449.3,452.5,425.05,430.0,432.8,441.97,31271,1382074800000.0,1530,20966,0.6705
2014-09-17,MAYURUNIQ,EQ,432.8,439.55,439.55,422.0,427.3,428.5,426.59,24042,1025601605000.0001,873,18885,0.7855
2014-09-18,MAYURUNIQ,EQ,428.5,430.45,459.9,422.0,447.2,451.95,443.19,30647,1358234070000.0,1375,20763,0.6775
2014-09-19,MAYURUNIQ,EQ,451.95,450.0,463.7,446.65,453.25,453.65,454.97,39713,1806832885000.0002,1572,24035,0.6052000000000001
2014-09-22,MAYURUNIQ,EQ,453.65,452.7,473.95,447.95,450.55,452.4,463.0,64067,2966315435000.0,2787,31056,0.4847
2014-09-23,MAYURUNIQ,EQ,452.4,459.25,463.85,440.2,444.0,444.55,452.62,29446,1332790510000.0,1346,19078,0.6479
2014-09-24,MAYURUNIQ,EQ,444.55,441.1,444.4,425.1,426.0,427.9,430.85,28342,1221117120000.0,1670,15750,0.5557
2014-09-25,MAYURUNIQ,EQ,427.9,430.7,437.0,425.0,425.25,426.7,428.1,19429,831761260000.0,937,11718,0.6031000000000001
2014-09-26,MAYURUNIQ,EQ,426.7,423.15,440.0,382.25,412.0,411.7,400.9,1677182,67238971340000.0,8436,1407962,0.8395
2014-09-29,MAYURUNIQ,EQ,411.7,430.0,475.0,426.0,448.65,445.15,455.59,234798,10697105995000.0,8919,77911,0.3318
2014-09-30,MAYURUNIQ,EQ,445.15,455.0,457.9,440.1,447.65,446.0,448.24,38516,1726437739999.9998,1660,19143,0.49700000000000005
2014-10-01,MAYURUNIQ,EQ,446.0,450.0,451.5,431.05,440.1,441.0,439.31,32902,1445411965000.0,1370,17207,0.523
2014-10-07,MAYURUNIQ,EQ,441.0,441.45,458.0,431.6,434.5,432.5,437.01,22603,987768244999.9999,1034,12426,0.5498
2014-10-08,MAYURUNIQ,EQ,432.5,435.0,435.0,420.0,420.1,423.15,426.72,37494,1599946475000.0,1333,25626,0.6835
2014-10-09,MAYURUNIQ,EQ,423.15,429.5,429.5,422.95,426.95,427.2,426.59,11553,492837855000.0,668,8050,0.6968000000000001
2014-10-10,MAYURUNIQ,EQ,427.2,422.35,436.7,419.95,428.4,427.7,427.98,19977,854980105000.0001,938,11122,0.5567000000000001
2014-10-13,MAYURUNIQ,EQ,427.7,428.0,432.45,420.4,428.0,428.05,425.75,15759,670933185000.0,595,9060,0.5749000000000001
2014-10-14,MAYURUNIQ,EQ,428.05,427.0,429.95,424.0,428.5,428.55,428.34,12698,543908134999.99994,432,8320,0.6552
2014-10-16,MAYURUNIQ,EQ,428.55,426.0,426.35,420.0,423.8,422.85,422.39,23855,1007619540000.0,1024,14452,0.6058
2014-10-17,MAYURUNIQ,EQ,422.85,423.1,427.0,420.2,424.0,424.1,422.4,20958,885275490000.0,716,15053,0.7182
2014-10-20,MAYURUNIQ,EQ,424.1,430.0,430.05,421.2,423.85,422.2,424.66,7627,323886620000.0,595,4739,0.6213000000000001
2014-10-21,MAYURUNIQ,EQ,422.2,422.05,423.65,406.05,414.5,414.1,413.12,33073,1366323310000.0,1328,20391,0.6165
2014-10-22,MAYURUNIQ,EQ,414.1,413.0,420.0,408.0,418.2,418.8,414.91,24368,1011061730000.0001,1046,15542,0.6378
2014-10-23,MAYURUNIQ,EQ,418.8,419.0,427.7,419.0,425.1,425.6,424.61,7520,319305655000.0,328,6244,0.8303
2014-10-27,MAYURUNIQ,EQ,425.6,429.0,436.05,425.55,431.8,430.45,431.69,20624,890325010000.0,901,15026,0.7286
2014-10-28,MAYURUNIQ,EQ,430.45,430.45,430.45,421.25,426.7,425.25,426.22,8194,349245455000.0,438,5436,0.6634000000000001
2014-10-29,MAYURUNIQ,EQ,425.25,429.35,436.0,425.1,428.65,428.55,430.24,16193,696681870000.0,615,8186,0.5055
2014-10-30,MAYURUNIQ,EQ,428.55,426.15,432.8,426.0,430.0,430.0,429.67,6348,272757285000.0,399,4435,0.6986
2014-10-31,MAYURUNIQ,EQ,430.0,430.65,442.05,430.65,437.65,439.5,437.09,39720,1736119645000.0,848,30041,0.7563
2014-11-03,MAYURUNIQ,EQ,439.5,475.0,475.0,446.05,452.0,452.8,455.37,30852,1404894470000.0,1641,16489,0.5345000000000001
2014-11-05,MAYURUNIQ,EQ,452.8,457.25,457.55,441.15,450.0,450.2,451.29,12947,584287170000.0,670,7341,0.5670000000000001
2014-11-07,MAYURUNIQ,EQ,450.2,448.8,450.0,432.75,442.0,442.1,439.13,14350,630157345000.0,968,7571,0.5276
2014-11-10,MAYURUNIQ,EQ,442.1,441.2,447.0,433.6,438.5,438.1,439.54,8955,393604515000.0,450,5875,0.6561
2014-11-11,MAYURUNIQ,EQ,438.1,433.0,440.0,430.2,436.3,436.6,436.53,12565,548494570000.0,586,8904,0.7086
2014-11-12,MAYURUNIQ,EQ,436.6,436.3,447.0,420.4,422.05,424.15,432.11,133306,5760344195000.0,2846,75333,0.5651
2014-11-13,MAYURUNIQ,EQ,424.15,429.7,431.8,420.0,423.0,423.85,424.0,23561,998978525000.0,639,17809,0.7559
2014-11-14,MAYURUNIQ,EQ,423.85,429.45,429.45,419.0,422.25,422.7,421.8,19698,830859330000.0,856,11945,0.6064
2014-11-17,MAYURUNIQ,EQ,422.7,423.7,438.0,422.0,433.6,434.65,429.52,36552,1569987800000.0,1158,22606,0.6185
2014-11-18,MAYURUNIQ,EQ,434.65,444.5,444.5,428.6,438.4,437.75,434.49,24814,1078135965000.0,1043,14060,0.5666
2014-11-19,MAYURUNIQ,EQ,437.75,443.0,443.0,430.05,436.0,435.95,435.51,55802,2430214925000.0,1075,44952,0.8056000000000001
2014-11-20,MAYURUNIQ,EQ,435.95,440.5,440.5,425.2,433.6,432.4,430.98,13475,580740825000.0,731,6184,0.45890000000000003
2014-11-21,MAYURUNIQ,EQ,432.4,432.5,432.5,425.05,425.05,426.0,429.81,30489,1310462645000.0,1195,18448,0.6051
2014-11-24,MAYURUNIQ,EQ,426.0,426.0,435.0,424.0,429.2,428.7,428.42,36640,1569744290000.0,902,22978,0.6271
2014-11-25,MAYURUNIQ,EQ,428.7,431.05,431.9,418.0,427.7,421.55,427.33,295281,12618182655000.0,1155,267312,0.9053
2014-11-26,MAYURUNIQ,EQ,421.55,437.0,450.0,430.0,433.55,433.55,436.41,80376,3507671854999.9995,2802,26573,0.3306
2014-11-27,MAYURUNIQ,EQ,433.55,435.0,437.0,426.1,429.0,429.55,431.13,39671,1710325220000.0,951,30078,0.7582
2014-11-28,MAYURUNIQ,EQ,429.55,432.9,434.75,423.85,426.95,425.4,427.8,26977,1154083340000.0,1360,17366,0.6437
2014-12-01,MAYURUNIQ,EQ,425.4,427.0,429.7,421.1,424.95,423.85,425.17,14438,613856175000.0,696,10934,0.7573000000000001
2014-12-02,MAYURUNIQ,EQ,423.85,422.5,441.0,422.5,428.0,429.75,430.45,38859,1672685380000.0,1604,25662,0.6604000000000001
2014-12-03,MAYURUNIQ,EQ,429.75,431.85,439.0,426.3,426.3,428.2,431.12,38017,1638973880000.0,1790,23787,0.6257
2014-12-04,MAYURUNIQ,EQ,428.2,430.0,435.0,426.0,429.0,429.65,430.82,55854,2406275215000.0,1236,48367,0.866
2014-12-05,MAYURUNIQ,EQ,429.65,430.0,435.0,426.2,432.0,431.85,431.37,55773,2405894675000.0,1146,43278,0.7759999999999999
2014-12-08,MAYURUNIQ,EQ,431.85,434.9,435.0,429.0,432.25,432.3,432.96,29348,1270660590000.0,1038,16660,0.5677000000000001
2014-12-09,MAYURUNIQ,EQ,432.3,427.65,450.0,427.65,432.7,434.65,438.23,81383,3566417510000.0,3879,33808,0.4154
2014-12-10,MAYURUNIQ,EQ,434.65,430.5,442.75,428.95,432.5,432.15,435.57,38899,1694314710000.0002,1457,25355,0.6518
2014-12-11,MAYURUNIQ,EQ,432.15,438.0,438.0,428.1,430.0,430.05,431.23,15508,668753655000.0,678,8978,0.5789
2014-12-12,MAYURUNIQ,EQ,430.05,428.05,437.85,425.0,425.5,427.9,431.09,197766,8525482620000.0,1859,159461,0.8063
2014-12-15,MAYURUNIQ,EQ,427.9,430.0,430.0,415.0,421.0,420.35,419.46,26201,1099037235000.0,1493,13874,0.5295000000000001
2014-12-16,MAYURUNIQ,EQ,420.35,423.0,424.95,412.5,417.6,418.15,418.24,44472,1860010089999.9998,4431,32128,0.7223999999999999
2014-12-17,MAYURUNIQ,EQ,418.15,416.0,434.55,400.05,409.0,410.9,410.15,30741,1260844465000.0,1804,17439,0.5673
2014-12-18,MAYURUNIQ,EQ,410.9,427.0,427.0,412.35,417.0,417.15,417.84,9081,379439305000.0,314,7134,0.7856000000000001
2014-12-19,MAYURUNIQ,EQ,417.15,420.0,424.7,412.7,415.45,415.8,417.8,8099,338377680000.0,533,5148,0.6356
2014-12-22,MAYURUNIQ,EQ,415.8,419.0,425.0,413.9,419.0,415.7,416.34,10963,456431840000.00006,602,7145,0.6517000000000001
2014-12-23,MAYURUNIQ,EQ,415.7,415.05,418.95,413.0,417.7,417.05,415.99,13276,552272655000.0,961,7921,0.5966
2014-12-24,MAYURUNIQ,EQ,417.05,413.4,417.8,409.0,410.0,410.45,411.9,14238,586469000000.0,801,8237,0.5785
2014-12-26,MAYURUNIQ,EQ,410.45,410.0,420.0,410.0,415.5,418.45,415.57,12183,506289770000.0,751,6964,0.5716
2014-12-29,MAYURUNIQ,EQ,418.45,421.0,427.9,419.0,425.0,424.9,424.9,68302,2902128190000.0,994,62681,0.9177
2014-12-30,MAYURUNIQ,EQ,424.9,428.0,430.0,425.0,426.0,427.1,427.45,15060,643747100000.0,644,9714,0.645
2014-12-31,MAYURUNIQ,EQ,427.1,428.75,430.0,424.0,430.0,429.25,428.07,7133,305344805000.0,490,4293,0.6019
2015-01-01,MAYURUNIQ,EQ,429.25,430.0,431.2,426.1,430.0,429.25,429.06,7528,322994295000.0,471,3894,0.5173
2015-01-02,MAYURUNIQ,EQ,429.25,430.9,434.85,421.2,423.0,422.75,425.09,44557,1894062745000.0,1396,33767,0.7578
2015-01-05,MAYURUNIQ,EQ,422.75,425.0,430.95,420.0,425.0,424.85,424.46,35058,1488069005000.0,1587,23296,0.6645000000000001
2015-01-06,MAYURUNIQ,EQ,424.85,425.0,425.0,415.95,420.0,419.75,419.56,40731,1708921595000.0,876,33097,0.8126000000000001
2015-01-07,MAYURUNIQ,EQ,419.75,418.0,424.6,414.0,423.85,422.45,420.22,16941,711902755000.0,731,12905,0.7618
2015-01-08,MAYURUNIQ,EQ,422.45,427.4,454.7,422.15,438.5,440.1,441.65,108467,4790397000000.0,3316,44412,0.40950000000000003
2015-01-09,MAYURUNIQ,EQ,440.1,447.8,448.45,435.0,442.65,443.05,442.39,32697,1446470270000.0,1336,19653,0.6011
2015-01-12,MAYURUNIQ,EQ,443.05,446.5,461.0,442.0,458.0,458.6,454.73,92264,4195511665000.0,2892,54177,0.5872
2015-01-13,MAYURUNIQ,EQ,458.6,462.0,465.8,445.0,445.05,447.8,459.03,54822,2516507855000.0,1917,32499,0.5928
2015-01-14,MAYURUNIQ,EQ,447.8,454.0,467.8,443.15,454.0,453.75,456.76,41075,1876133105000.0,2306,22521,0.5483
2015-01-15,MAYURUNIQ,EQ,453.75,480.0,499.0,474.95,486.25,489.65,490.24,364849,17886428270000.0,10283,151708,0.4158
2015-01-16,MAYURUNIQ,EQ,489.65,496.9,498.0,483.0,486.0,489.4,492.69,79185,3901368915000.0,3738,34822,0.43979999999999997
2015-01-19,MAYURUNIQ,EQ,489.4,492.95,498.0,478.6,485.7,485.95,491.21,40736,2001000695000.0,1927,25171,0.6179
2015-01-20,MAYURUNIQ,EQ,485.95,487.7,496.95,480.3,491.0,491.95,490.7,63034,3093079415000.0,2359,41521,0.6587000000000001
2015-01-21,MAYURUNIQ,EQ,491.95,496.95,496.95,478.4,487.75,484.15,485.79,36823,1788836295000.0,1559,21971,0.5967
2015-01-22,MAYURUNIQ,EQ,484.15,488.0,490.1,479.1,480.0,480.9,484.01,15074,729595515000.0,1034,7848,0.5206000000000001
2015-01-23,MAYURUNIQ,EQ,480.9,486.0,487.95,453.0,473.5,473.65,471.94,38323,1808632205000.0,2194,20498,0.5349
2015-01-27,MAYURUNIQ,EQ,473.65,476.55,484.45,460.5,474.0,474.55,474.18,21462,1017675905000.0001,1746,10433,0.48610000000000003
2015-01-28,MAYURUNIQ,EQ,474.55,479.0,479.0,464.25,475.0,469.75,469.46,14832,696306115000.0,1145,6577,0.4434
2015-01-29,MAYURUNIQ,EQ,469.75,466.15,470.05,457.0,459.6,460.4,462.02,16331,754520900000.0,1350,7963,0.4876
2015-01-30,MAYURUNIQ,EQ,460.4,460.0,471.0,460.0,470.0,468.8,465.63,29792,1387203655000.0,1710,21268,0.7139
2015-02-02,MAYURUNIQ,EQ,468.8,470.0,487.0,457.0,475.0,476.35,472.6,23130,1093114060000.0,1309,12688,0.5486
2015-02-03,MAYURUNIQ,EQ,476.35,488.0,490.1,466.1,471.4,469.75,477.3,18748,894848610000.0,1010,9882,0.5271
2015-02-04,MAYURUNIQ,EQ,469.75,472.05,477.25,460.35,466.85,465.95,467.94,9104,426014509999.99994,670,5243,0.5759000000000001
2015-02-05,MAYURUNIQ,EQ,465.95,470.0,474.8,457.0,465.0,461.75,464.28,17051,791650860000.0,1031,10338,0.6063000000000001
2015-02-06,MAYURUNIQ,EQ,461.75,461.75,464.9,451.0,457.75,455.5,459.07,15759,723443055000.0,866,10376,0.6584000000000001
2015-02-09,MAYURUNIQ,EQ,455.5,456.0,456.0,440.0,454.0,451.7,448.2,10800,484051659999.99994,818,6403,0.5929
2015-02-10,MAYURUNIQ,EQ,451.7,466.0,466.0,444.15,454.0,455.7,455.08,14191,645797025000.0,971,8564,0.6035
2015-02-11,MAYURUNIQ,EQ,455.7,460.65,460.65,450.55,455.0,454.3,455.91,12236,557856455000.0,770,6459,0.5279
2015-02-12,MAYURUNIQ,EQ,454.3,451.0,465.0,449.0,457.05,455.15,458.52,27581,1264640465000.0,1429,17228,0.6246
2015-02-13,MAYURUNIQ,EQ,455.15,455.0,493.8,442.4,462.5,462.95,467.02,78001,3642806090000.0,2822,27872,0.35729999999999995
2015-02-16,MAYURUNIQ,EQ,462.95,469.0,472.65,461.0,465.5,465.75,465.94,16392,763770890000.0,991,8352,0.5095000000000001
2015-02-18,MAYURUNIQ,EQ,465.75,461.1,469.0,445.55,450.0,448.7,454.22,47904,2175898185000.0002,1829,31089,0.649
2015-02-19,MAYURUNIQ,EQ,448.7,455.0,455.0,442.0,444.0,444.05,446.79,20372,910196110000.0,972,12135,0.5957
2015-02-20,MAYURUNIQ,EQ,444.05,445.0,450.0,445.0,449.4,448.55,448.62,19747,885894060000.0,811,8865,0.4489
2015-02-23,MAYURUNIQ,EQ,448.55,458.0,458.0,436.5,436.5,439.3,448.82,46215,2074228200000.0,1562,29258,0.6331
2015-02-24,MAYURUNIQ,EQ,439.3,443.75,443.75,425.0,427.0,428.25,432.92,35477,1535862160000.0,1286,23015,0.6487
2015-02-25,MAYURUNIQ,EQ,428.25,428.0,434.1,418.0,422.0,421.3,426.09,53952,2298819215000.0,1606,38026,0.7048000000000001
2015-02-26,MAYURUNIQ,EQ,421.3,424.6,442.0,417.9,431.15,430.85,426.26,40415,1722724970000.0,1710,25195,0.6234000000000001
2015-02-27,MAYURUNIQ,EQ,430.85,424.05,444.5,424.05,431.55,432.7,435.37,20760,903826115000.0,1097,13387,0.6448
2015-02-28,MAYURUNIQ,EQ,432.7,432.1,444.9,432.05,441.0,441.05,439.21,20582,903985555000.0001,1005,12341,0.5996
2015-03-02,MAYURUNIQ,EQ,441.05,441.05,477.0,441.05,462.9,459.9,460.18,90785,4177739145000.0005,2911,51893,0.5716
2015-03-03,MAYURUNIQ,EQ,459.9,473.9,473.9,452.4,459.0,460.3,463.5,19964,925340360000.0,812,13308,0.6666
2015-03-04,MAYURUNIQ,EQ,460.3,459.6,463.9,444.5,451.2,449.1,452.99,29291,1326866710000.0,1126,19698,0.6725
2015-03-05,MAYURUNIQ,EQ,449.1,441.1,460.0,435.0,436.95,436.8,439.97,44327,1950240155000.0,2736,30714,0.6929000000000001
2015-03-09,MAYURUNIQ,EQ,436.8,436.8,443.4,428.0,430.15,431.35,433.79,18178,788536325000.0,1204,11633,0.6399
2015-03-10,MAYURUNIQ,EQ,431.35,432.65,439.1,428.0,431.5,431.8,432.28,15534,671509905000.0,942,9863,0.6349
2015-03-11,MAYURUNIQ,EQ,431.8,431.8,447.0,427.5,437.8,438.55,437.46,35319,1545064750000.0,1247,25983,0.7356999999999999
2015-03-12,MAYURUNIQ,EQ,438.55,446.8,455.0,440.0,452.95,451.45,448.98,32172,1444458405000.0,1047,25691,0.7986
2015-03-13,MAYURUNIQ,EQ,451.45,452.5,461.9,446.3,455.9,448.7,451.45,48625,2195162200000.0,1719,33812,0.6954000000000001
2015-03-16,MAYURUNIQ,EQ,448.7,515.0,515.0,461.1,467.15,467.75,476.0,229975,10946898350000.0,8139,106752,0.4642
2015-03-17,MAYURUNIQ,EQ,467.75,474.7,477.4,461.3,465.0,466.3,468.18,56741,2656504525000.0,2245,31278,0.5512
2015-03-18,MAYURUNIQ,EQ,466.3,467.0,470.5,460.1,463.85,463.6,464.75,20543,954742780000.0001,1028,14066,0.6847
2015-03-19,MAYURUNIQ,EQ,463.6,472.0,473.65,448.95,453.95,453.0,461.75,31814,1469025495000.0,1316,22913,0.7202
2015-03-20,MAYURUNIQ,EQ,453.0,454.0,459.85,433.4,441.25,442.8,447.22,27849,1245475745000.0,1590,17719,0.6363000000000001
2015-03-23,MAYURUNIQ,EQ,442.8,443.15,448.8,435.0,438.8,438.55,439.84,28887,1270571520000.0,1153,22547,0.7805
2015-03-24,MAYURUNIQ,EQ,438.55,442.9,443.0,430.05,432.0,431.8,436.04,28198,1229547780000.0,1175,21487,0.762
2015-03-25,MAYURUNIQ,EQ,431.8,431.0,441.8,430.1,432.0,432.4,435.02,16955,737571470000.0,1045,10573,0.6236
2015-03-26,MAYURUNIQ,EQ,432.4,432.0,436.35,424.1,426.0,426.8,429.33,42457,1822813650000.0,2282,26905,0.6337
2015-03-27,MAYURUNIQ,EQ,426.8,445.0,445.0,416.0,434.0,429.5,424.6,29375,1247259975000.0,1335,20547,0.6995
2015-03-30,MAYURUNIQ,EQ,429.5,434.0,457.0,430.7,454.0,452.7,448.2,32216,1443912730000.0,1260,19431,0.6031000000000001
2015-03-31,MAYURUNIQ,EQ,452.7,459.0,464.85,451.1,457.0,455.2,457.33,17141,783909880000.0,1053,9941,0.58
2015-04-01,MAYURUNIQ,EQ,455.2,453.0,460.5,449.95,456.0,458.95,456.88,16290,744249905000.0,888,9672,0.5937
2015-04-06,MAYURUNIQ,EQ,458.95,463.7,465.0,450.0,451.0,452.7,456.95,28433,1299245950000.0,1267,14889,0.5236999999999999
2015-04-07,MAYURUNIQ,EQ,452.7,458.0,458.0,436.1,443.3,441.75,444.43,41520,1845279045000.0,1653,28915,0.6964
2015-04-08,MAYURUNIQ,EQ,441.75,447.9,447.9,436.2,436.2,438.4,441.74,45410,2005958455000.0,1414,35537,0.7826000000000001
2015-04-09,MAYURUNIQ,EQ,438.4,441.95,450.0,426.5,444.05,447.95,441.74,72480,3201726525000.0,2151,40675,0.5612
2015-04-10,MAYURUNIQ,EQ,447.95,440.1,449.5,438.5,439.0,439.4,441.24,38373,1693153280000.0,1148,30141,0.7855
2015-04-13,MAYURUNIQ,EQ,439.4,448.9,452.7,435.5,438.0,438.7,442.49,92112,4075872240000.0,2247,62354,0.6769
2015-04-15,MAYURUNIQ,EQ,438.7,444.95,479.45,440.1,463.0,464.15,463.87,185710,8614493545000.0,6236,86870,0.4678
2015-04-16,MAYURUNIQ,EQ,464.15,467.0,514.8,447.5,449.0,455.25,472.04,760054,35877798635000.0,16277,276502,0.3638
2015-04-17,MAYURUNIQ,EQ,455.25,454.3,464.9,445.45,457.05,457.05,456.52,85541,3905078660000.0,3517,49645,0.5804
2015-04-20,MAYURUNIQ,EQ,457.05,457.1,464.5,440.0,444.0,443.6,450.84,38507,1736056100000.0,1876,24228,0.6292
2015-04-21,MAYURUNIQ,EQ,443.6,445.0,455.5,437.15,442.25,442.25,444.99,42829,1905861595000.0,1735,22622,0.5282
2015-04-22,MAYURUNIQ,EQ,442.25,448.5,448.5,437.0,437.1,438.6,440.85,26362,1162180075000.0,1303,15022,0.5698
2015-04-23,MAYURUNIQ,EQ,438.6,438.6,447.9,436.7,437.4,437.75,440.2,21779,958702044999.9999,857,13303,0.6108
2015-04-24,MAYURUNIQ,EQ,437.75,444.5,444.5,427.0,430.0,428.7,433.56,48356,2096520939999.9998,1729,32099,0.6638
2015-04-27,MAYURUNIQ,EQ,428.7,440.0,440.0,415.05,420.0,423.7,422.43,61812,2611118785000.0,2056,48791,0.7893000000000001
2015-04-28,MAYURUNIQ,EQ,423.7,429.0,440.3,420.0,433.65,436.15,432.59,34679,1500175525000.0,1968,19704,0.5682
2015-04-29,MAYURUNIQ,EQ,436.15,436.95,443.0,430.0,433.95,432.9,437.45,24403,1067506590000.0,1095,14646,0.6002000000000001
2015-04-30,MAYURUNIQ,EQ,432.9,439.15,449.5,424.0,424.0,426.9,434.28,75013,3257645805000.0,2185,31007,0.41340000000000005
2015-05-04,MAYURUNIQ,EQ,426.9,433.7,442.1,429.7,437.0,441.25,438.54,25395,1113661210000.0,905,18004,0.7090000000000001
2015-05-05,MAYURUNIQ,EQ,441.25,445.65,445.65,435.0,435.0,437.7,439.36,17289,759615765000.0,853,9941,0.5750000000000001
2015-05-06,MAYURUNIQ,EQ,437.7,438.15,442.0,433.0,440.0,437.3,435.12,86587,3767564990000.0,2059,78287,0.9041
2015-05-07,MAYURUNIQ,EQ,437.3,439.9,442.5,431.1,435.95,433.9,435.02,20679,899584585000.0,717,14516,0.7020000000000001
2015-05-08,MAYURUNIQ,EQ,433.9,436.0,439.9,429.15,430.0,431.55,433.54,19963,865482180000.0001,789,12593,0.6308
2015-05-11,MAYURUNIQ,EQ,431.55,437.4,445.5,431.05,439.0,440.3,438.78,34862,1529675805000.0,1319,21567,0.6186
2015-05-12,MAYURUNIQ,EQ,440.3,443.65,443.95,422.8,433.0,428.7,430.06,32310,1389528660000.0,1291,22148,0.6855
2015-05-13,MAYURUNIQ,EQ,428.7,420.0,427.0,407.0,420.0,415.15,413.34,166336,6875269975000.0,8810,107378,0.6455
2015-05-14,MAYURUNIQ,EQ,415.15,414.0,426.0,407.75,420.0,420.35,415.83,126406,5256365710000.0,6325,73823,0.584
2015-05-15,MAYURUNIQ,EQ,420.35,427.0,429.5,410.5,415.0,416.25,420.58,42211,1775289410000.0002,1810,31575,0.748
2015-05-18,MAYURUNIQ,EQ,416.25,424.8,424.8,416.1,421.0,419.25,418.41,30795,1288479500000.0,1000,23998,0.7793000000000001
2015-05-19,MAYURUNIQ,EQ,419.25,423.9,426.95,417.2,420.0,420.7,420.88,25353,1067061044999.9999,1007,18407,0.726
2015-05-20,MAYURUNIQ,EQ,420.7,417.0,424.9,411.1,420.0,420.0,419.12,33742,1414193690000.0,2839,22218,0.6585
2015-05-21,MAYURUNIQ,EQ,420.0,424.4,424.4,415.0,420.0,419.95,419.91,34386,1443889655000.0,2479,27067,0.7872
2015-05-22,MAYURUNIQ,EQ,419.95,419.5,422.05,416.25,418.0,418.35,419.67,29177,1224480280000.0,1624,21957,0.7525000000000001
2015-05-25,MAYURUNIQ,EQ,418.35,418.2,424.8,415.5,424.75,422.15,419.86,36073,1514554885000.0,2062,24273,0.6729
2015-05-26,MAYURUNIQ,EQ,422.15,420.0,429.5,415.6,425.0,424.15,421.6,24055,1014159605000.0001,1376,15590,0.6481
2015-05-27,MAYURUNIQ,EQ,424.15,424.15,425.0,418.0,419.95,419.65,419.77,25294,1061772225000.0,1474,18974,0.7501000000000001
2015-05-28,MAYURUNIQ,EQ,419.65,421.05,422.0,416.0,417.05,417.75,418.64,21568,902921450000.0,1542,15714,0.7286
2015-05-29,MAYURUNIQ,EQ,417.75,418.1,429.0,417.6,425.35,426.1,423.32,18243,772255985000.0,989,13531,0.7417
2015-06-01,MAYURUNIQ,EQ,426.1,425.0,425.0,418.05,421.0,421.1,420.46,15310,643725510000.0,965,10478,0.6844
2015-06-02,MAYURUNIQ,EQ,421.1,423.0,426.45,418.55,420.0,421.15,420.7,24999,1051705265000.0,1145,18875,0.755
2015-06-03,MAYURUNIQ,EQ,421.15,421.1,423.0,405.25,407.55,407.7,412.07,21369,880557135000.0,1324,12439,0.5821000000000001
2015-06-04,MAYURUNIQ,EQ,407.7,412.5,412.5,406.25,408.2,409.05,409.05,18779,768159150000.0,770,13125,0.6989
2015-06-05,MAYURUNIQ,EQ,409.05,413.8,413.8,404.05,405.85,406.2,407.36,8598,350252020000.0,664,5929,0.6896
2015-06-08,MAYURUNIQ,EQ,406.2,405.0,409.95,390.0,396.0,393.25,394.46,78502,3096605650000.0,4377,50154,0.6389
2015-06-09,MAYURUNIQ,EQ,393.25,394.0,412.0,392.0,398.0,398.65,399.47,20782,830175880000.0,1602,12024,0.5786
2015-06-10,MAYURUNIQ,EQ,398.65,401.95,409.5,401.0,404.55,405.75,407.54,27864,1135565175000.0,934,19759,0.7091
2015-06-11,MAYURUNIQ,EQ,405.75,406.85,411.75,403.95,405.0,405.0,406.04,8954,363568170000.0,479,6541,0.7305
2015-06-12,MAYURUNIQ,EQ,405.0,404.05,405.0,399.55,405.0,404.25,403.41,11190,451420120000.0,495,6878,0.6147
2015-06-15,MAYURUNIQ,EQ,404.25,409.0,409.0,399.5,400.0,400.4,402.51,14939,601310310000.0,616,10605,0.7099
2015-06-16,MAYURUNIQ,EQ,400.4,406.0,406.0,397.5,400.5,401.95,400.06,17686,707551845000.0,1289,12335,0.6973999999999999
2015-06-17,MAYURUNIQ,EQ,401.95,400.0,403.25,396.05,400.7,398.9,399.97,15790,631556680000.0,716,9231,0.5846
2015-06-18,MAYURUNIQ,EQ,398.9,402.0,408.8,397.0,399.0,399.35,401.67,16076,645730315000.0,1436,9814,0.6104999999999999
2015-06-19,MAYURUNIQ,EQ,399.35,401.05,403.95,392.3,393.0,393.2,395.62,37302,1475734820000.0,2563,23578,0.6321
2015-06-22,MAYURUNIQ,EQ,393.2,398.0,398.0,378.4,389.0,384.85,386.17,41023,1584184730000.0,2454,25371,0.6185
2015-06-23,MAYURUNIQ,EQ,384.85,388.0,398.0,387.8,394.0,395.1,393.03,20281,797105600000.0,1087,12758,0.6291
2015-06-24,MAYURUNIQ,EQ,395.1,392.1,404.4,392.1,402.95,401.75,400.22,23902,956609350000.0,1027,18053,0.7553000000000001
2015-06-25,MAYURUNIQ,EQ,401.75,397.05,439.0,397.05,415.0,416.2,421.2,84174,3545430954999.9995,3713,30326,0.3603
2015-06-26,MAYURUNIQ,EQ,416.2,411.95,424.8,409.9,410.0,410.5,414.62,24411,1012138740000.0,1533,14727,0.6033
2015-06-29,MAYURUNIQ,EQ,410.5,405.55,409.95,394.0,401.0,399.2,398.8,16073,640984490000.0,981,10102,0.6285000000000001
2015-06-30,MAYURUNIQ,EQ,399.2,397.5,405.5,397.5,400.0,400.9,400.96,10154,407131440000.0,483,6040,0.5948
2015-07-01,MAYURUNIQ,EQ,400.9,401.0,416.9,398.25,410.1,410.15,409.11,21950,897996055000.0001,1138,14060,0.6405
2015-07-02,MAYURUNIQ,EQ,410.15,416.9,416.9,403.35,408.0,407.05,407.65,15417,628473765000.0,605,9724,0.6307
2015-07-03,MAYURUNIQ,EQ,407.05,405.05,420.0,405.05,410.0,410.65,411.95,22058,908678915000.0,1109,10505,0.47619999999999996
2015-07-06,MAYURUNIQ,EQ,410.65,410.05,412.0,400.05,407.5,409.65,407.24,12810,521669665000.00006,705,6202,0.4842
2015-07-07,MAYURUNIQ,EQ,409.65,414.0,414.0,404.15,405.8,405.3,406.39,27370,1112289670000.0,828,20918,0.7643000000000001
2015-07-08,MAYURUNIQ,EQ,405.3,402.1,407.75,401.5,404.5,403.65,404.0,13164,531822400000.0,744,9639,0.7322
2015-07-09,MAYURUNIQ,EQ,403.65,404.65,410.9,401.2,405.0,404.7,405.5,14402,583997235000.0,1043,9015,0.626
2015-07-10,MAYURUNIQ,EQ,404.7,405.05,409.95,405.05,405.5,407.35,407.42,16404,668323770000.0,509,10820,0.6596
2015-07-13,MAYURUNIQ,EQ,407.35,409.0,424.9,404.1,424.0,416.3,413.21,49373,2040149750000.0,1434,26110,0.5288
2015-07-14,MAYURUNIQ,EQ,416.3,417.95,426.0,408.0,409.0,413.5,416.45,22105,920570865000.0,1005,15126,0.6843000000000001
2015-07-15,MAYURUNIQ,EQ,413.5,414.95,414.95,395.2,406.3,408.0,408.02,176351,7195405840000.001,1057,166685,0.9451999999999999
2015-07-16,MAYURUNIQ,EQ,408.0,417.0,417.85,405.0,414.0,413.6,412.94,30822,1272751600000.0,1059,22540,0.7313
2015-07-17,MAYURUNIQ,EQ,413.6,416.9,418.0,407.1,414.0,411.05,412.05,15499,638629455000.0,836,8886,0.5733
2015-07-20,MAYURUNIQ,EQ,411.05,417.8,424.5,405.0,414.0,415.15,414.52,30036,1245061855000.0,1237,16286,0.5422
2015-07-21,MAYURUNIQ,EQ,415.15,420.0,420.0,411.25,415.0,412.25,413.93,10520,435459140000.00006,520,7486,0.7116
2015-07-22,MAYURUNIQ,EQ,412.25,415.95,421.0,412.0,419.0,416.0,417.41,18362,766440765000.0,767,11174,0.6085
2015-07-23,MAYURUNIQ,EQ,416.0,417.6,432.3,417.0,418.5,419.85,423.59,41978,1778154155000.0,1609,22875,0.5449
2015-07-24,MAYURUNIQ,EQ,419.85,420.0,431.25,416.55,424.65,424.1,426.34,41071,1751035839999.9998,1513,20040,0.4879
2015-07-27,MAYURUNIQ,EQ,424.1,424.1,424.1,405.0,409.8,409.2,413.73,20348,841861160000.0,1073,14595,0.7173
2015-07-28,MAYURUNIQ,EQ,409.2,414.15,414.15,408.0,410.5,411.2,410.42,10148,416492000000.0,400,6898,0.6797
2015-07-29,MAYURUNIQ,EQ,411.2,414.45,416.7,401.55,412.7,413.65,411.59,16277,669943440000.0,866,9142,0.5617
2015-07-30,MAYURUNIQ,EQ,413.65,415.0,415.0,406.0,409.0,408.7,411.3,13640,561011860000.0,689,9196,0.6742
2015-07-31,MAYURUNIQ,EQ,408.7,410.8,420.75,407.5,407.5,409.15,412.72,33904,1399269620000.0,1109,21321,0.6289
2015-08-03,MAYURUNIQ,EQ,409.15,417.5,417.5,406.0,406.5,406.5,407.72,41138,1677278920000.0,769,36830,0.8953
2015-08-04,MAYURUNIQ,EQ,406.5,410.5,425.0,406.0,425.0,420.95,415.92,42581,1771019489999.9998,1481,28844,0.6774
2015-08-05,MAYURUNIQ,EQ,420.95,424.65,427.4,416.35,423.95,422.2,421.89,34857,1470576520000.0,1209,25484,0.7311
2015-08-06,MAYURUNIQ,EQ,422.2,422.6,449.1,420.0,446.0,445.8,440.4,106072,4671399575000.0,3549,62580,0.59
2015-08-07,MAYURUNIQ,EQ,445.8,446.0,453.0,437.55,445.0,445.9,446.69,67360,3008910790000.0,1782,49124,0.7293000000000001
2015-08-10,MAYURUNIQ,EQ,445.9,448.0,450.0,438.2,442.0,443.0,442.59,73377,3247609515000.0,2278,63227,0.8617
2015-08-11,MAYURUNIQ,EQ,443.0,449.4,449.4,416.0,426.85,426.85,429.07,21946,941646625000.0,1593,10126,0.46140000000000003
2015-08-12,MAYURUNIQ,EQ,426.85,428.95,434.75,416.0,422.0,422.25,421.65,24472,1031869525000.0,1389,16690,0.682
2015-08-13,MAYURUNIQ,EQ,422.25,425.95,430.25,417.55,420.05,420.7,421.55,10744,452918250000.0,615,6343,0.5904
2015-08-14,MAYURUNIQ,EQ,420.7,425.0,436.65,418.0,430.6,433.95,430.0,22777,979421669999.9999,1447,15664,0.6877
2015-08-17,MAYURUNIQ,EQ,433.95,439.95,448.0,435.15,441.7,440.25,440.79,45897,2023080130000.0,1439,31042,0.6763
2015-08-18,MAYURUNIQ,EQ,440.25,442.9,442.9,433.2,439.85,439.65,437.62,16689,730340810000.0,677,12671,0.7592
2015-08-19,MAYURUNIQ,EQ,439.65,438.0,442.95,435.05,441.0,440.45,437.87,15242,667401325000.0,775,10100,0.6626000000000001
2015-08-20,MAYURUNIQ,EQ,440.45,438.4,441.85,425.5,428.5,426.85,433.04,10826,468807495000.0,695,7068,0.6529
2015-08-21,MAYURUNIQ,EQ,426.85,425.0,431.95,418.45,431.5,429.7,424.4,75252,3193714315000.0,1441,68033,0.9041
2015-08-24,MAYURUNIQ,EQ,429.7,428.5,428.5,396.0,401.0,400.45,410.52,72805,2988765280000.0,1990,57513,0.79
2015-08-25,MAYURUNIQ,EQ,400.45,395.4,420.0,395.4,415.0,416.6,403.02,71403,2877689695000.0,1386,55613,0.7789
2015-08-26,MAYURUNIQ,EQ,416.6,422.0,426.0,402.35,418.0,419.4,417.48,23771,992401365000.0,1195,13886,0.5842
2015-08-27,MAYURUNIQ,EQ,419.4,424.85,428.0,415.0,419.95,421.9,423.05,18714,791687305000.0,1168,11862,0.6339
2015-08-28,MAYURUNIQ,EQ,421.9,427.85,433.3,410.6,412.0,411.75,418.37,12527,524086325000.0,1075,6949,0.5547
2015-08-31,MAYURUNIQ,EQ,411.75,420.0,420.0,402.6,407.5,406.8,407.86,17340,707226855000.0,1466,10638,0.6135
2015-09-01,MAYURUNIQ,EQ,406.8,405.4,407.45,396.0,402.5,399.15,401.54,13796,553962160000.0,1114,8887,0.6442
2015-09-02,MAYURUNIQ,EQ,399.15,399.5,407.8,396.6,400.0,399.9,401.29,17286,693672975000.0,617,13338,0.7716
2015-09-03,MAYURUNIQ,EQ,399.9,405.0,405.15,401.65,404.9,402.95,403.33,12545,505976920000.0,307,11252,0.8969
2015-09-04,MAYURUNIQ,EQ,402.95,406.8,406.8,396.5,402.0,400.3,400.35,22522,901669605000.0001,640,17746,0.7879
2015-09-07,MAYURUNIQ,EQ,400.3,401.05,402.2,392.0,400.0,400.1,400.2,17933,717679370000.0,437,15427,0.8603000000000001
2015-09-08,MAYURUNIQ,EQ,400.1,400.0,402.0,397.5,400.0,400.0,399.91,17056,682094265000.0,574,13476,0.7901
2015-09-09,MAYURUNIQ,EQ,400.0,402.1,440.0,400.2,412.3,414.75,423.06,57053,2413672550000.0,2824,15072,0.26420000000000005
2015-09-10,MAYURUNIQ,EQ,414.75,411.0,428.5,405.0,415.0,414.85,418.25,17616,736793115000.0,1554,9301,0.528
2015-09-11,MAYURUNIQ,EQ,414.85,418.55,423.5,411.0,419.4,417.8,417.47,9855,411419360000.0,433,6519,0.6615000000000001
2015-09-14,MAYURUNIQ,EQ,417.8,417.0,424.9,411.3,418.9,416.65,415.87,10190,423767959999.99994,665,5673,0.5567000000000001
2015-09-15,MAYURUNIQ,EQ,416.65,417.2,423.4,407.0,410.0,410.7,413.71,10357,428478780000.0,560,7379,0.7125
2015-09-16,MAYURUNIQ,EQ,410.7,416.0,416.7,409.0,414.5,412.45,412.99,7410,306027785000.0,405,4283,0.578
2015-09-18,MAYURUNIQ,EQ,412.45,412.0,418.7,405.0,408.9,406.75,409.89,9270,379964575000.0,953,6475,0.6985
2015-09-21,MAYURUNIQ,EQ,406.75,411.5,411.5,401.55,405.5,407.05,405.68,37936,1538973875000.0,583,30174,0.7954000000000001
2015-09-22,MAYURUNIQ,EQ,407.05,405.1,415.55,405.0,406.0,406.55,409.97,8064,330600980000.0,444,5145,0.638
2015-09-23,MAYURUNIQ,EQ,406.55,402.0,410.0,402.0,409.2,406.9,406.88,9970,405658395000.0,674,5915,0.5933
2015-09-24,MAYURUNIQ,EQ,406.9,405.05,410.6,405.0,407.0,407.6,408.38,6795,277495740000.0,249,3976,0.5851
2015-09-28,MAYURUNIQ,EQ,407.6,407.25,413.95,401.0,402.2,402.05,405.93,10338,419646830000.0,642,6602,0.6386000000000001
2015-09-29,MAYURUNIQ,EQ,402.05,401.7,409.5,400.0,403.95,401.95,404.16,10579,427555955000.0,730,7211,0.6816
2015-09-30,MAYURUNIQ,EQ,401.95,401.6,411.15,401.55,411.15,408.95,407.43,9810,399691895000.0,774,5497,0.5603
2015-10-01,MAYURUNIQ,EQ,408.95,411.05,411.05,405.05,410.45,407.6,408.33,5727,233853095000.00003,417,3295,0.5753
2015-10-05,MAYURUNIQ,EQ,407.6,404.1,411.05,404.1,408.0,407.75,407.51,7990,325597650000.0,325,4913,0.6149
2015-10-06,MAYURUNIQ,EQ,407.75,408.0,416.8,406.2,415.0,414.8,412.38,16787,692257860000.0,599,12286,0.7319
2015-10-07,MAYURUNIQ,EQ,414.8,411.0,417.95,411.0,415.0,415.2,415.29,7346,305073235000.0,307,5857,0.7973
2015-10-08,MAYURUNIQ,EQ,415.2,414.05,419.8,414.0,415.0,415.05,415.96,10231,425567034999.99994,406,6839,0.6685
2015-10-09,MAYURUNIQ,EQ,415.05,415.05,423.95,415.0,420.95,420.35,419.71,9479,397846175000.0,463,6899,0.7278
2015-10-12,MAYURUNIQ,EQ,420.35,428.0,428.0,418.0,423.0,424.15,422.08,9617,405912865000.0,447,7314,0.7605
2015-10-13,MAYURUNIQ,EQ,424.15,420.3,426.9,419.0,425.0,425.05,423.44,9864,417676445000.0,384,8122,0.8234
2015-10-14,MAYURUNIQ,EQ,425.05,427.7,439.95,423.0,431.0,431.4,432.35,23902,1033404290000.0,1354,10133,0.4239
2015-10-15,MAYURUNIQ,EQ,431.4,428.05,437.85,424.0,425.5,430.6,431.51,39070,1685918605000.0,1435,29007,0.7424
2015-10-16,MAYURUNIQ,EQ,430.6,431.0,439.0,424.0,437.75,436.7,431.72,25031,1080648610000.0,1037,17060,0.6816
2015-10-19,MAYURUNIQ,EQ,436.7,437.75,447.0,428.15,443.5,443.85,438.75,23183,1017156210000.0,1251,13627,0.5878
2015-10-20,MAYURUNIQ,EQ,443.85,437.1,448.45,436.0,437.25,439.1,442.2,19362,856186535000.0,1022,12998,0.6713
2015-10-21,MAYURUNIQ,EQ,439.1,435.15,445.0,433.05,437.0,437.5,438.15,13195,578135675000.0,996,4908,0.37200000000000005
2015-10-23,MAYURUNIQ,EQ,437.5,431.6,445.9,431.6,435.0,435.75,435.79,22259,970028010000.0,510,18046,0.8107
2015-10-26,MAYURUNIQ,EQ,435.75,442.0,442.0,427.0,427.2,429.6,434.49,14512,630535480000.0,335,12824,0.8837
2015-10-27,MAYURUNIQ,EQ,429.6,424.0,438.9,424.0,430.0,428.95,428.84,10203,437550334999.99994,571,5635,0.5523
2015-10-28,MAYURUNIQ,EQ,428.95,428.0,428.0,413.0,418.45,416.65,421.89,7709,325231730000.0,393,6071,0.7875
2015-10-29,MAYURUNIQ,EQ,416.65,422.0,424.95,414.9,422.65,421.15,420.95,13888,584613770000.0,522,10317,0.7429000000000001
2015-10-30,MAYURUNIQ,EQ,421.15,421.95,429.9,415.0,423.2,426.55,421.56,12738,536987034999.99994,429,10119,0.7944
2015-11-02,MAYURUNIQ,EQ,426.55,433.5,435.0,415.95,423.7,420.9,423.12,13295,562543640000.0,815,6162,0.4635
2015-11-03,MAYURUNIQ,EQ,420.9,427.0,429.0,414.0,422.0,419.4,421.44,37916,1597924730000.0,1577,25727,0.6785
2015-11-04,MAYURUNIQ,EQ,419.4,422.0,429.0,416.05,422.1,425.0,421.11,20056,844570435000.0,703,12813,0.6389
2015-11-05,MAYURUNIQ,EQ,425.0,425.0,437.95,420.55,431.0,432.55,430.57,46095,1984709314999.9998,1802,31093,0.6745
2015-11-06,MAYURUNIQ,EQ,432.55,430.0,430.0,420.15,426.8,426.3,425.1,15078,640964970000.0,893,11628,0.7712000000000001
2015-11-09,MAYURUNIQ,EQ,426.3,411.0,423.9,411.0,417.0,421.5,420.25,12441,522826950000.0,370,9652,0.7758
2015-11-10,MAYURUNIQ,EQ,421.5,418.8,428.0,417.05,421.0,422.95,423.01,10154,429519430000.0,441,5025,0.4949
2015-11-11,MAYURUNIQ,EQ,422.95,423.0,423.0,420.05,421.7,420.95,421.23,3820,160910060000.0,159,2349,0.6149
2015-11-13,MAYURUNIQ,EQ,420.95,420.95,438.45,415.55,431.0,433.5,425.51,21788,927101715000.0,1158,15481,0.7105
2015-11-16,MAYURUNIQ,EQ,433.5,432.0,434.7,423.0,433.95,430.65,429.9,12539,539048450000.0,541,8132,0.6485
2015-11-17,MAYURUNIQ,EQ,430.65,425.1,437.9,425.1,430.3,432.8,434.81,22426,975115135000.0,1058,12933,0.5767
2015-11-18,MAYURUNIQ,EQ,432.8,434.95,435.0,428.0,429.05,431.95,432.2,13352,577074420000.0,568,8239,0.6171
2015-11-19,MAYURUNIQ,EQ,431.95,432.5,440.0,432.0,439.65,437.9,435.9,16250,708337625000.0,420,13628,0.8386
2015-11-20,MAYURUNIQ,EQ,437.9,436.0,455.0,436.0,444.9,444.85,447.56,37873,1695030770000.0,1571,22540,0.5951
2015-11-23,MAYURUNIQ,EQ,444.85,449.25,449.25,431.9,432.05,436.8,438.86,21489,943061219999.9999,749,12807,0.596
2015-11-24,MAYURUNIQ,EQ,436.8,435.0,440.0,432.2,434.2,435.35,435.76,9707,422996070000.0,400,7034,0.7245999999999999
2015-11-26,MAYURUNIQ,EQ,435.35,432.55,441.95,432.5,434.0,435.5,436.33,54020,2357053265000.0,984,33741,0.6246
2015-11-27,MAYURUNIQ,EQ,435.5,432.0,445.0,432.0,438.6,438.6,437.09,30648,1339605330000.0,797,16341,0.5332
2015-11-30,MAYURUNIQ,EQ,438.6,432.0,441.95,426.5,437.3,438.7,434.84,24283,1055912125000.0,916,15284,0.6294
2015-12-01,MAYURUNIQ,EQ,438.7,440.45,441.0,427.0,436.0,435.9,432.14,67586,2920652045000.0,1360,32515,0.4811
2015-12-02,MAYURUNIQ,EQ,435.9,434.35,437.0,430.2,430.25,430.8,432.73,5210,225450550000.0,286,3132,0.6012
2015-12-03,MAYURUNIQ,EQ,430.8,431.55,439.7,429.0,429.5,431.55,433.05,10182,440935295000.0,617,5839,0.5735
2015-12-04,MAYURUNIQ,EQ,431.55,430.15,433.8,425.0,427.9,426.4,428.13,17094,731848920000.0,657,11969,0.7001999999999999
2015-12-07,MAYURUNIQ,EQ,426.4,427.0,438.0,421.6,425.25,427.75,427.92,9450,404386315000.0,755,4449,0.4708
2015-12-08,MAYURUNIQ,EQ,427.75,428.0,432.05,422.0,428.75,429.45,426.57,18708,798033305000.0,627,12586,0.6728000000000001
2015-12-09,MAYURUNIQ,EQ,429.45,427.5,428.0,416.6,420.0,419.8,420.38,17397,731326635000.0,909,12101,0.6956
2015-12-10,MAYURUNIQ,EQ,419.8,415.05,429.9,415.05,427.8,424.25,423.84,12042,510390520000.0,912,7719,0.6409999999999999
2015-12-11,MAYURUNIQ,EQ,424.25,425.15,430.05,422.5,427.6,428.45,427.02,14704,627894885000.0,684,10498,0.7140000000000001
2015-12-14,MAYURUNIQ,EQ,428.45,430.0,437.85,423.0,436.0,435.65,429.67,12950,556418350000.0,419,8904,0.6876000000000001
2015-12-15,MAYURUNIQ,EQ,435.65,439.9,445.0,435.0,445.0,441.85,439.71,21982,966561944999.9999,847,15026,0.6836
2015-12-16,MAYURUNIQ,EQ,441.85,435.25,449.3,435.25,437.3,439.45,441.87,27459,1213330195000.0,1009,18862,0.6869
2015-12-17,MAYURUNIQ,EQ,439.45,433.0,444.9,433.0,440.7,440.4,439.9,15932,700845805000.0,1058,8079,0.5071
2015-12-18,MAYURUNIQ,EQ,440.4,435.55,448.5,433.3,443.0,446.3,443.48,17648,782656860000.0,611,12895,0.7306999999999999
2015-12-21,MAYURUNIQ,EQ,446.3,450.0,459.25,441.1,459.0,457.4,452.9,33762,1529088700000.0,1800,18791,0.5566
2015-12-22,MAYURUNIQ,EQ,457.4,465.0,468.0,453.95,459.0,456.9,461.52,22105,1020189635000.0,1079,12063,0.5457
2015-12-23,MAYURUNIQ,EQ,456.9,452.35,472.3,452.35,469.0,469.4,465.4,31326,1457900385000.0,1185,19526,0.6233
2015-12-24,MAYURUNIQ,EQ,469.4,472.5,478.2,466.95,471.0,470.5,472.23,23515,1110441535000.0,1211,11781,0.501
2015-12-28,MAYURUNIQ,EQ,470.5,470.5,472.0,463.0,468.95,465.75,468.0,10672,499446759999.99994,913,7124,0.6675
2015-12-29,MAYURUNIQ,EQ,465.75,463.0,469.3,454.45,456.55,459.25,459.13,14807,679828955000.0,959,7815,0.5278
2015-12-30,MAYURUNIQ,EQ,459.25,469.0,469.0,457.1,467.0,466.1,464.02,8427,391032150000.0,395,5002,0.5936
2015-12-31,MAYURUNIQ,EQ,466.1,469.8,474.8,461.7,473.0,473.45,470.67,12819,603349245000.0,752,7853,0.6126
2016-01-01,MAYURUNIQ,EQ,473.45,472.0,476.5,467.5,475.5,474.1,472.73,13602,643012095000.0,366,10591,0.7786
2016-01-04,MAYURUNIQ,EQ,474.1,475.0,475.0,459.0,470.0,469.65,466.46,28308,1320465780000.0,1137,19358,0.6838
2016-01-05,MAYURUNIQ,EQ,469.65,473.55,476.4,465.0,465.0,472.15,471.1,17404,819896590000.0,806,12574,0.7225
2016-01-06,MAYURUNIQ,EQ,472.15,473.0,474.0,466.0,466.0,466.65,469.6,20138,945687519999.9999,1010,12283,0.6099
2016-01-07,MAYURUNIQ,EQ,466.65,465.0,467.0,455.0,459.75,460.25,460.16,16667,766946370000.0,959,8674,0.5204
2016-01-08,MAYURUNIQ,EQ,460.25,467.0,468.0,456.0,465.0,465.65,463.78,12302,570538425000.0,608,7653,0.6221
2016-01-11,MAYURUNIQ,EQ,465.65,456.0,461.9,446.8,457.0,458.45,453.07,20304,919908350000.0,1336,9135,0.4499
2016-01-12,MAYURUNIQ,EQ,458.45,459.95,462.8,438.5,443.45,443.0,450.84,14771,665932590000.0,993,9719,0.658
2016-01-13,MAYURUNIQ,EQ,443.0,448.7,448.7,412.0,445.0,442.85,428.21,37724,1615371125000.0,1967,23143,0.6135
2016-01-14,MAYURUNIQ,EQ,442.85,435.0,435.0,421.0,422.8,424.05,427.47,26560,1135363720000.0,1775,17313,0.6518
2016-01-15,MAYURUNIQ,EQ,424.05,425.15,429.4,420.95,424.0,424.05,424.06,11072,469513770000.0,598,5898,0.5327000000000001
2016-01-18,MAYURUNIQ,EQ,424.05,412.5,424.0,412.3,424.0,420.15,419.34,21644,907610375000.0,1253,16557,0.765
2016-01-19,MAYURUNIQ,EQ,420.15,416.5,426.0,416.5,422.7,423.35,421.33,12674,533988270000.0,594,8725,0.6884
2016-01-20,MAYURUNIQ,EQ,423.35,417.3,422.0,415.05,420.1,420.45,419.06,23705,993385140000.0,1886,16852,0.7109000000000001
2016-01-21,MAYURUNIQ,EQ,420.45,425.0,425.0,415.0,423.9,419.05,419.45,20822,873387315000.0,2106,12611,0.6057
2016-01-22,MAYURUNIQ,EQ,419.05,422.95,424.0,418.25,422.85,422.25,420.62,11498,483633995000.0,736,6638,0.5773
2016-01-25,MAYURUNIQ,EQ,422.25,422.55,445.5,422.5,443.65,440.45,436.02,18538,808295920000.0,1190,12344,0.6659
2016-01-27,MAYURUNIQ,EQ,440.45,444.45,462.8,436.15,460.15,459.6,453.91,14699,667198030000.0,1186,10418,0.7088
2016-01-28,MAYURUNIQ,EQ,459.6,465.0,467.4,455.0,465.0,466.0,462.9,25991,1203124675000.0,2046,14635,0.5631
2016-01-29,MAYURUNIQ,EQ,466.0,459.1,469.0,459.1,466.65,467.65,464.87,18003,836909375000.0,1009,11526,0.6402
2016-02-01,MAYURUNIQ,EQ,467.65,469.9,473.95,445.0,471.0,471.8,459.73,91396,4201719635000.0,947,81651,0.8934000000000001
2016-02-02,MAYURUNIQ,EQ,471.8,468.05,480.0,458.95,471.05,472.7,473.29,26960,1275994525000.0,1290,19181,0.7115
2016-02-03,MAYURUNIQ,EQ,472.7,461.5,467.0,451.55,460.0,461.0,462.75,33391,1545160935000.0,951,20375,0.6102000000000001
2016-02-04,MAYURUNIQ,EQ,461.0,459.95,463.85,425.0,429.5,428.35,442.62,18455,816851590000.0,1117,9827,0.5325
2016-02-05,MAYURUNIQ,EQ,428.35,427.1,438.2,427.1,438.0,435.55,433.15,7469,323517060000.0,637,4290,0.5744
2016-02-08,MAYURUNIQ,EQ,435.55,436.1,457.0,434.0,450.0,446.25,446.21,13619,607689720000.0,776,6402,0.47009999999999996
2016-02-09,MAYURUNIQ,EQ,446.25,448.45,456.5,429.6,451.0,451.6,449.67,37625,1691877705000.0,1952,20136,0.5352
2016-02-10,MAYURUNIQ,EQ,451.6,441.35,442.05,421.95,433.5,430.1,429.59,31648,1359568985000.0,1332,19932,0.6298
2016-02-11,MAYURUNIQ,EQ,430.1,429.65,429.65,399.0,420.5,406.1,413.26,92078,3805241145000.0005,3532,68013,0.7386
2016-02-12,MAYURUNIQ,EQ,406.1,414.0,424.0,403.0,409.9,409.4,409.2,64662,2645984805000.0,3066,41583,0.6431
2016-02-15,MAYURUNIQ,EQ,409.4,409.05,420.0,405.05,409.95,409.85,410.57,30698,1260357265000.0,1733,16890,0.5502
2016-02-16,MAYURUNIQ,EQ,409.85,415.0,415.0,400.0,405.65,402.75,407.25,24480,996950385000.0,1216,14787,0.604
2016-02-17,MAYURUNIQ,EQ,402.75,404.8,412.0,393.5,402.6,404.9,404.53,17266,698469740000.0,1715,11488,0.6654000000000001
2016-02-18,MAYURUNIQ,EQ,404.9,406.0,420.0,403.0,404.0,406.85,414.34,56803,2353565305000.0,1019,51894,0.9136
2016-02-19,MAYURUNIQ,EQ,406.85,402.0,409.0,401.6,403.15,403.8,404.85,6044,244693979999.99997,444,3589,0.5938
2016-02-22,MAYURUNIQ,EQ,403.8,410.0,410.4,395.1,400.0,400.25,401.49,8225,330225895000.0,609,4992,0.6069
2016-02-23,MAYURUNIQ,EQ,400.25,399.05,405.0,395.05,403.0,400.0,400.0,56025,2241010510000.0,1529,53488,0.9547
2016-02-24,MAYURUNIQ,EQ,400.0,397.05,400.5,396.1,398.05,398.05,399.35,17636,704292665000.0,554,16297,0.9241
2016-02-25,MAYURUNIQ,EQ,398.05,399.95,403.3,396.5,402.95,397.6,399.1,3887,155132110000.0,291,2851,0.7334999999999999
2016-02-26,MAYURUNIQ,EQ,397.6,397.05,402.7,395.0,397.9,397.15,397.64,4163,165536895000.0,431,1939,0.4658
2016-02-29,MAYURUNIQ,EQ,397.15,395.1,403.0,395.0,400.0,398.15,400.89,5734,229870954999.99997,324,3557,0.6203000000000001
2016-03-01,MAYURUNIQ,EQ,398.15,403.3,411.9,401.0,405.0,406.55,406.94,8945,364011210000.0,862,6224,0.6958
2016-03-02,MAYURUNIQ,EQ,406.55,408.1,417.75,401.5,405.0,402.85,406.59,9275,377113780000.0,647,5563,0.5998
2016-03-03,MAYURUNIQ,EQ,402.85,404.15,418.0,403.0,410.0,409.2,409.35,10642,435630815000.00006,678,7257,0.6819
2016-03-04,MAYURUNIQ,EQ,409.2,410.05,412.0,396.3,401.0,399.7,402.48,12607,507405940000.00006,733,8095,0.6421
2016-03-08,MAYURUNIQ,EQ,399.7,407.95,409.5,398.6,398.6,400.85,404.54,11741,474966909999.99994,965,6820,0.5809000000000001
2016-03-09,MAYURUNIQ,EQ,400.85,402.0,406.9,398.35,404.9,405.05,400.87,7019,281367425000.0,344,4395,0.6262
2016-03-10,MAYURUNIQ,EQ,405.05,401.45,409.5,397.0,402.25,401.95,400.84,8281,331939575000.0,467,5233,0.6319
2016-03-11,MAYURUNIQ,EQ,401.95,405.95,415.45,399.0,410.0,410.25,409.21,9113,372913205000.0,447,7050,0.7736000000000001
2016-03-14,MAYURUNIQ,EQ,410.25,415.0,415.0,408.0,409.95,409.55,411.46,8984,369660010000.0,286,6964,0.7752
2016-03-15,MAYURUNIQ,EQ,409.55,419.0,419.0,402.2,404.0,404.1,408.8,5847,239022754999.99997,298,5103,0.8728
2016-03-16,MAYURUNIQ,EQ,404.1,407.0,410.0,400.35,402.0,401.9,407.06,22968,934924535000.0,696,18145,0.79
2016-03-17,MAYURUNIQ,EQ,401.9,405.7,409.0,400.55,402.05,404.85,405.35,25376,1028625040000.0,986,19061,0.7511
2016-03-18,MAYURUNIQ,EQ,404.85,402.4,410.0,402.35,409.95,408.85,406.11,4778,194041350000.0,520,3137,0.6566
2016-03-21,MAYURUNIQ,EQ,408.85,412.5,415.0,405.1,409.5,409.9,409.32,9779,400274825000.0,487,7521,0.7691
2016-03-22,MAYURUNIQ,EQ,409.9,412.95,413.0,404.1,404.75,405.75,408.11,11938,487205275000.0,389,8217,0.6883
2016-03-23,MAYURUNIQ,EQ,405.75,406.5,412.0,402.0,403.25,406.2,407.47,18670,760751940000.0,624,13054,0.6992
2016-03-28,MAYURUNIQ,EQ,406.2,409.95,410.1,399.0,399.1,401.35,402.37,29018,1167592850000.0,1033,23308,0.8031999999999999
2016-03-29,MAYURUNIQ,EQ,401.35,399.05,404.8,390.0,396.5,399.25,397.85,15049,598719735000.0,678,9461,0.6287
2016-03-30,MAYURUNIQ,EQ,399.25,396.4,401.05,396.4,397.9,398.2,398.96,7731,308439745000.0,327,5642,0.7298
2016-03-31,MAYURUNIQ,EQ,398.2,400.05,402.4,383.9,384.0,386.95,393.55,46729,1839011614999.9998,1487,32275,0.6907
2016-04-01,MAYURUNIQ,EQ,386.95,388.05,403.2,385.0,399.0,399.75,396.86,33585,1332845605000.0,873,27939,0.8319
2016-04-04,MAYURUNIQ,EQ,399.75,402.45,403.9,396.5,399.7,399.85,400.09,42181,1687625935000.0002,711,38658,0.9165000000000001
2016-04-05,MAYURUNIQ,EQ,399.85,403.95,404.95,395.0,401.0,400.2,399.91,42615,1704225525000.0,719,38116,0.8944
2016-04-06,MAYURUNIQ,EQ,400.2,399.05,404.95,398.1,400.0,399.2,400.69,18525,742286290000.0,572,15113,0.8158
2016-04-07,MAYURUNIQ,EQ,399.2,400.0,402.05,397.05,397.05,399.6,400.1,17650,706175955000.0,291,14427,0.8174
2016-04-08,MAYURUNIQ,EQ,399.6,399.35,404.0,396.0,398.35,400.8,399.71,11504,459830175000.0,292,8944,0.7775
2016-04-11,MAYURUNIQ,EQ,400.8,405.0,405.0,394.1,395.0,396.2,397.77,19563,778147700000.0,523,16253,0.8308
2016-04-12,MAYURUNIQ,EQ,396.2,399.75,402.95,391.6,394.95,393.4,397.29,36638,1455591045000.0,785,26925,0.7349
2016-04-13,MAYURUNIQ,EQ,393.4,395.0,399.5,388.0,391.0,391.6,393.0,46580,1830581695000.0,1692,29847,0.6408
2016-04-18,MAYURUNIQ,EQ,391.6,395.95,402.0,391.6,401.95,401.8,397.06,17710,703193385000.0,720,13996,0.7903
2016-04-20,MAYURUNIQ,EQ,401.8,401.8,404.0,397.0,404.0,402.9,401.83,21338,857418625000.0,556,16451,0.7709999999999999
2016-04-21,MAYURUNIQ,EQ,402.9,403.0,408.8,400.1,400.1,402.35,404.56,22448,908152450000.0,584,17359,0.7733
2016-04-22,MAYURUNIQ,EQ,402.35,405.95,406.0,400.4,405.35,405.9,404.54,17438,705437435000.0,666,13258,0.7603
2016-04-25,MAYURUNIQ,EQ,405.9,405.35,415.5,398.05,413.0,409.95,405.04,26497,1073246310000.0,842,19397,0.7320000000000001
2016-04-26,MAYURUNIQ,EQ,409.95,410.6,411.9,403.0,403.0,404.65,405.55,13516,548145755000.0,438,8655,0.6404000000000001
2016-04-27,MAYURUNIQ,EQ,404.65,406.15,408.0,401.5,405.85,404.05,404.96,10770,436141745000.0,281,7667,0.7119
2016-04-28,MAYURUNIQ,EQ,404.05,403.15,415.5,398.0,400.0,399.2,404.88,27235,1102679190000.0,1217,14876,0.5462
2016-04-29,MAYURUNIQ,EQ,399.2,403.95,407.0,400.0,406.5,405.15,404.11,8328,336541700000.0,794,6644,0.7978000000000001
2016-05-02,MAYURUNIQ,EQ,405.15,405.15,407.0,395.5,396.65,398.35,401.58,11097,445634984999.99994,454,7871,0.7093
2016-05-03,MAYURUNIQ,EQ,398.35,399.0,403.7,396.65,400.0,401.1,399.57,5727,228834354999.99997,486,3449,0.6022
2016-05-04,MAYURUNIQ,EQ,401.1,400.4,401.0,395.0,396.95,396.35,397.46,5313,211169720000.00003,430,2581,0.4858
2016-05-05,MAYURUNIQ,EQ,396.35,402.8,402.8,394.5,400.0,400.35,397.92,21051,837664575000.0,516,16055,0.7626999999999999
2016-05-06,MAYURUNIQ,EQ,400.35,400.0,404.0,398.85,403.0,402.55,400.95,4695,188248270000.0,274,3419,0.7282
2016-05-09,MAYURUNIQ,EQ,402.55,404.4,404.45,400.0,400.0,400.4,401.32,6296,252670870000.00003,372,3805,0.6043999999999999
2016-05-10,MAYURUNIQ,EQ,400.4,403.0,406.2,396.05,399.7,399.85,401.2,8234,330349355000.0,318,5120,0.6218
2016-05-11,MAYURUNIQ,EQ,399.85,398.55,402.45,396.05,400.1,399.75,399.82,6004,240054660000.0,320,3693,0.6151
2016-05-12,MAYURUNIQ,EQ,399.75,400.7,400.7,394.0,394.0,395.55,397.93,13781,548385715000.00006,494,7720,0.5602
2016-05-13,MAYURUNIQ,EQ,395.55,396.05,399.6,391.5,394.95,394.0,394.31,6233,245771150000.0,666,3327,0.5338
2016-05-16,MAYURUNIQ,EQ,394.0,394.0,398.95,392.0,394.35,395.15,394.9,9151,361376915000.0,531,6648,0.7265
2016-05-17,MAYURUNIQ,EQ,395.15,396.15,400.15,395.0,400.15,398.6,397.59,9941,395248820000.0,405,7329,0.7372
2016-05-18,MAYURUNIQ,EQ,398.6,399.0,399.8,391.5,399.8,398.4,396.27,12996,514992940000.00006,343,11073,0.8520000000000001
2016-05-19,MAYURUNIQ,EQ,398.4,395.85,405.0,395.8,405.0,401.5,399.25,13283,530322190000.00006,426,10338,0.7783
2016-05-20,MAYURUNIQ,EQ,401.5,403.75,405.0,392.0,392.2,393.1,398.39,19369,771641135000.0,622,15636,0.8073
2016-05-23,MAYURUNIQ,EQ,393.1,399.0,399.0,394.0,395.5,395.55,396.44,2425,96136000000.0,185,1424,0.5872
2016-05-24,MAYURUNIQ,EQ,395.55,395.0,397.0,390.25,392.0,392.65,392.52,5736,225148870000.00003,582,3550,0.6189
2016-05-25,MAYURUNIQ,EQ,392.65,392.3,398.6,392.1,398.6,397.65,395.64,9951,393705750000.0,327,7667,0.7705
2016-05-26,MAYURUNIQ,EQ,397.65,398.05,400.0,392.0,393.0,394.75,396.35,13310,527545315000.00006,556,10222,0.768
2016-05-27,MAYURUNIQ,EQ,394.75,398.4,398.4,392.0,395.6,394.5,394.23,15007,591624925000.0,735,10409,0.6936
2016-05-30,MAYURUNIQ,EQ,394.5,399.0,410.0,397.15,406.35,407.55,405.77,41734,1693436989999.9998,1147,31949,0.7655
2016-05-31,MAYURUNIQ,EQ,407.55,410.0,414.5,402.1,411.0,411.75,409.89,16455,674471380000.0,800,12829,0.7796
2016-06-01,MAYURUNIQ,EQ,411.75,412.95,414.5,408.65,410.05,410.7,411.58,20862,858630875000.0,483,17106,0.8200000000000001
2016-06-02,MAYURUNIQ,EQ,410.7,411.05,424.5,410.0,421.4,422.25,420.17,21565,906100894999.9999,944,13689,0.6348
2016-06-03,MAYURUNIQ,EQ,422.25,426.45,432.0,412.3,412.3,414.9,423.55,27019,1144392315000.0,1075,14106,0.5221
2016-06-06,MAYURUNIQ,EQ,414.9,417.5,421.0,412.3,420.0,418.4,416.13,11282,469474905000.0,325,9518,0.8436
2016-06-07,MAYURUNIQ,EQ,418.4,413.0,423.25,413.0,421.0,422.0,420.57,20501,862211150000.0,529,15050,0.7341
2016-06-08,MAYURUNIQ,EQ,422.0,424.7,424.7,400.1,401.05,404.15,409.88,23530,964457280000.0001,982,15773,0.6703
2016-06-09,MAYURUNIQ,EQ,404.15,408.0,436.4,402.0,427.0,428.25,421.02,79709,3355885785000.0,2329,38705,0.48560000000000003
2016-06-10,MAYURUNIQ,EQ,428.25,435.0,464.8,431.0,435.05,433.65,449.66,249829,11233876245000.0,7132,86464,0.3461
2016-06-13,MAYURUNIQ,EQ,433.65,434.4,434.4,413.25,420.0,420.05,418.89,42789,1792392535000.0002,1613,29675,0.6935
2016-06-14,MAYURUNIQ,EQ,420.05,421.25,430.0,415.0,420.0,425.25,419.64,48085,2017859685000.0002,1205,37869,0.7875
2016-06-15,MAYURUNIQ,EQ,425.25,427.95,443.0,420.05,440.0,439.4,435.7,48131,2097054650000.0,1397,29347,0.6097
2016-06-16,MAYURUNIQ,EQ,439.4,434.0,442.25,426.25,441.1,439.5,435.26,20805,905552735000.0,1184,13951,0.6706000000000001
2016-06-17,MAYURUNIQ,EQ,439.5,438.05,445.0,433.0,433.1,434.5,437.21,19512,853081735000.0,777,12389,0.6349
2016-06-20,MAYURUNIQ,EQ,434.5,425.0,435.0,424.0,430.1,430.45,430.07,53543,2302721180000.0,1191,20636,0.3854
2016-06-21,MAYURUNIQ,EQ,430.45,432.95,439.8,424.15,435.1,434.7,430.05,13942,599581870000.0,661,7753,0.5561
2016-06-22,MAYURUNIQ,EQ,434.7,436.05,436.05,427.25,432.0,432.2,430.44,21175,911464619999.9999,471,17168,0.8108
2016-06-23,MAYURUNIQ,EQ,432.2,431.95,434.8,428.0,434.0,431.55,431.17,13274,572336050000.0,400,10529,0.7931999999999999
2016-06-24,MAYURUNIQ,EQ,431.55,421.5,431.2,411.5,429.55,429.3,419.08,20178,845615269999.9999,946,13038,0.6461
2016-06-27,MAYURUNIQ,EQ,429.3,428.15,456.0,428.0,434.0,434.65,438.51,33305,1460472850000.0,2371,13004,0.39049999999999996
2016-06-28,MAYURUNIQ,EQ,434.65,432.5,434.7,426.5,427.25,428.35,429.6,22598,970801710000.0,725,16696,0.7388
2016-06-29,MAYURUNIQ,EQ,428.35,432.0,435.0,426.2,429.0,427.8,429.53,18702,803316280000.0,504,10940,0.585
2016-06-30,MAYURUNIQ,EQ,427.8,432.5,432.5,423.3,427.0,425.75,427.18,10985,469255055000.0,695,6542,0.5955
2016-07-01,MAYURUNIQ,EQ,425.75,425.8,428.9,422.5,423.05,425.3,425.95,23817,1014487135000.0,830,19941,0.8373
2016-07-04,MAYURUNIQ,EQ,425.3,426.0,429.9,422.0,427.0,425.45,425.18,13597,578112485000.0,656,9564,0.7034
2016-07-05,MAYURUNIQ,EQ,425.45,429.5,429.5,414.0,415.05,417.35,421.79,30439,1283875080000.0,1016,18167,0.5968
2016-07-07,MAYURUNIQ,EQ,417.35,420.0,420.0,406.0,409.0,406.65,409.02,45048,1842553710000.0002,1348,26008,0.5773
2016-07-08,MAYURUNIQ,EQ,406.65,410.0,411.7,400.1,402.0,401.85,403.38,50323,2029921764999.9998,1655,28972,0.5757
2016-07-11,MAYURUNIQ,EQ,401.85,404.6,409.85,400.1,402.45,401.9,403.68,30195,1218923565000.0,1195,19088,0.6322
2016-07-12,MAYURUNIQ,EQ,401.9,405.0,406.9,400.0,404.0,403.85,402.53,36217,1457844725000.0,1488,22637,0.625
2016-07-13,MAYURUNIQ,EQ,403.85,405.7,407.95,402.0,403.95,404.4,405.17,12366,501037570000.0,503,9861,0.7974
2016-07-14,MAYURUNIQ,EQ,404.4,408.0,408.0,401.15,404.85,403.85,403.8,8821,356193420000.0,453,5384,0.6104
2016-07-15,MAYURUNIQ,EQ,403.85,401.0,406.6,401.0,402.0,402.3,403.25,8817,355546485000.0,483,5689,0.6452
2016-07-18,MAYURUNIQ,EQ,402.3,405.0,408.0,401.0,407.8,405.9,403.86,22956,927101805000.0001,617,19206,0.8366
2016-07-19,MAYURUNIQ,EQ,405.9,408.0,408.0,400.0,405.0,405.8,402.88,26131,1052765290000.0,725,17413,0.6664
2016-07-20,MAYURUNIQ,EQ,405.8,404.95,422.95,403.0,417.15,419.3,412.69,24847,1025417150000.0,823,18324,0.7375
2016-07-21,MAYURUNIQ,EQ,419.3,423.0,423.0,412.5,415.0,415.75,417.89,22356,934228980000.0001,1006,16494,0.7378
2016-07-22,MAYURUNIQ,EQ,415.75,417.55,422.0,411.0,422.0,417.95,416.91,12466,519721190000.00006,957,9805,0.7865000000000001
2016-07-25,MAYURUNIQ,EQ,417.95,419.95,428.0,415.0,420.0,417.85,420.32,29353,1233758870000.0,1050,20026,0.6822
2016-07-26,MAYURUNIQ,EQ,417.85,422.05,424.4,417.55,421.0,421.25,420.76,16740,704355060000.0,1426,9796,0.5852
2016-07-27,MAYURUNIQ,EQ,421.25,418.55,427.0,417.2,423.5,421.75,420.82,23542,990686344999.9999,909,17073,0.7252
2016-07-28,MAYURUNIQ,EQ,421.75,424.0,424.5,419.25,423.5,422.0,422.26,14484,611596635000.0,518,11114,0.7673000000000001
2016-07-29,MAYURUNIQ,EQ,422.0,421.65,424.0,419.25,422.0,421.5,420.46,10981,461702090000.00006,447,8100,0.7376
2016-08-01,MAYURUNIQ,EQ,421.5,416.25,423.85,407.8,413.35,415.65,414.4,33337,1381474110000.0,1070,25297,0.7587999999999999
2016-08-02,MAYURUNIQ,EQ,415.65,416.0,418.0,405.5,409.0,409.75,411.91,8428,347161360000.0,366,6597,0.7827
2016-08-03,MAYURUNIQ,EQ,409.75,409.0,413.0,402.5,410.0,410.5,406.03,15846,643390930000.0,529,11500,0.7256999999999999
2016-08-04,MAYURUNIQ,EQ,410.5,414.95,414.95,406.0,410.0,410.6,410.63,14234,584497655000.0,435,12308,0.8647
2016-08-05,MAYURUNIQ,EQ,410.6,418.6,437.7,417.0,435.0,431.0,429.17,125177,5372241600000.0,2538,65126,0.5203
2016-08-08,MAYURUNIQ,EQ,431.0,435.0,441.0,426.05,428.6,429.1,432.84,26420,1143568540000.0,1134,15485,0.5861
2016-08-09,MAYURUNIQ,EQ,429.1,433.0,443.0,431.0,439.0,438.15,439.18,36005,1581250590000.0,1625,23919,0.6643000000000001
2016-08-10,MAYURUNIQ,EQ,438.15,440.0,461.0,430.55,437.0,445.0,448.53,134744,6043676705000.0,4716,57389,0.42590000000000006
2016-08-11,MAYURUNIQ,EQ,445.0,455.95,455.95,442.0,451.0,450.6,449.76,56448,2538783885000.0,4754,35640,0.6314000000000001
2016-08-12,MAYURUNIQ,EQ,450.6,447.0,455.95,436.0,444.0,442.1,448.06,33527,1502194460000.0,1316,21604,0.6444
2016-08-16,MAYURUNIQ,EQ,442.1,450.0,450.0,422.0,435.0,434.75,427.44,112528,4809881250000.0,3614,81847,0.7273000000000001
2016-08-17,MAYURUNIQ,EQ,434.75,435.0,442.0,432.0,440.1,440.6,438.82,19424,852371760000.0,839,12033,0.6195
2016-08-18,MAYURUNIQ,EQ,440.6,440.0,449.0,438.0,445.3,445.95,444.25,30935,1374294680000.0,880,18193,0.5881000000000001
2016-08-19,MAYURUNIQ,EQ,445.95,449.95,449.95,440.5,441.0,442.15,442.9,10952,485066050000.0,716,6364,0.5811000000000001
2016-08-22,MAYURUNIQ,EQ,442.15,450.0,450.0,436.0,436.85,440.4,438.45,17746,778066780000.0,903,11578,0.6524
2016-08-23,MAYURUNIQ,EQ,440.4,441.45,443.8,433.35,440.0,440.15,437.93,25134,1100703385000.0,967,16762,0.6668999999999999
2016-08-24,MAYURUNIQ,EQ,440.15,438.95,449.9,436.55,445.55,444.65,443.36,30805,1365761985000.0,1259,18742,0.6084
2016-08-25,MAYURUNIQ,EQ,444.65,439.95,439.95,427.6,430.0,431.05,432.63,25844,1118101155000.0,1046,14164,0.5481
2016-08-26,MAYURUNIQ,EQ,431.05,434.0,435.0,421.5,432.5,429.3,427.06,14073,601005945000.0,1219,8988,0.6386999999999999
2016-08-29,MAYURUNIQ,EQ,429.3,428.75,432.6,422.0,428.0,429.45,427.52,16156,690694640000.0,1250,10645,0.6589
2016-08-30,MAYURUNIQ,EQ,429.45,430.0,431.4,427.0,430.75,429.95,429.37,9086,390124030000.0,690,7411,0.8157
2016-08-31,MAYURUNIQ,EQ,429.95,427.55,434.0,424.0,433.9,432.75,427.37,38151,1630464695000.0,1363,31875,0.8355
2016-09-01,MAYURUNIQ,EQ,432.75,432.1,437.6,425.55,434.05,433.65,434.39,11832,513974125000.0,679,7301,0.6171
2016-09-02,MAYURUNIQ,EQ,433.65,438.9,438.9,426.05,429.6,430.7,431.19,10279,443216740000.00006,445,7018,0.6828000000000001
2016-09-06,MAYURUNIQ,EQ,430.7,431.0,435.05,425.0,425.5,427.15,428.93,13289,570001480000.0,725,8183,0.6158
2016-09-07,MAYURUNIQ,EQ,427.15,425.0,430.0,423.0,425.1,426.65,426.66,10096,430758570000.0,669,6668,0.6605
2016-09-08,MAYURUNIQ,EQ,426.65,426.7,429.65,424.0,424.0,425.65,426.38,8354,356196565000.0,947,5203,0.6228
2016-09-09,MAYURUNIQ,EQ,425.65,425.0,435.0,422.1,430.0,429.55,429.35,16923,726586145000.0,1641,12718,0.7515000000000001
2016-09-12,MAYURUNIQ,EQ,429.55,424.0,430.0,421.1,425.95,424.85,425.28,8225,349789745000.0,785,5310,0.6456000000000001
2016-09-14,MAYURUNIQ,EQ,424.85,429.9,438.0,425.35,438.0,434.35,432.32,14588,630670430000.0,750,11188,0.7669
2016-09-15,MAYURUNIQ,EQ,434.35,430.0,436.7,428.1,431.0,429.85,431.71,11921,514640580000.0,638,6614,0.5548
2016-09-16,MAYURUNIQ,EQ,429.85,430.0,436.7,430.0,431.1,432.15,433.37,10329,447631684999.99994,356,5730,0.5547
2016-09-19,MAYURUNIQ,EQ,432.15,430.0,434.0,426.1,430.3,431.3,429.62,13101,562839355000.0,324,9697,0.7402
2016-09-20,MAYURUNIQ,EQ,431.3,432.1,432.9,427.05,429.0,428.55,428.61,5228,224077310000.0,610,3224,0.6167
2016-09-21,MAYURUNIQ,EQ,428.55,432.0,432.0,425.0,426.95,426.25,427.96,14803,633507815000.0,1364,9330,0.6303
2016-09-22,MAYURUNIQ,EQ,426.25,430.0,430.05,425.15,427.0,427.15,427.15,15136,646539515000.0,2203,8643,0.5710000000000001
2016-09-23,MAYURUNIQ,EQ,427.15,431.0,431.0,425.65,428.5,427.35,427.43,18207,778228795000.0,766,12546,0.6890999999999999
2016-09-26,MAYURUNIQ,EQ,427.35,427.35,430.0,423.1,425.5,424.85,425.45,13233,563000125000.0,764,9562,0.7226
2016-09-27,MAYURUNIQ,EQ,424.85,425.0,432.45,424.0,430.65,429.7,427.39,17226,736230155000.0,1218,10600,0.6153000000000001
2016-09-28,MAYURUNIQ,EQ,429.7,431.9,434.75,425.85,428.7,431.25,429.08,11683,501292695000.0,502,9297,0.7958
2016-09-29,MAYURUNIQ,EQ,431.25,428.0,430.5,420.0,425.0,425.65,425.52,29040,1235698990000.0,1557,24982,0.8603000000000001
2016-09-30,MAYURUNIQ,EQ,425.65,449.0,449.0,421.15,438.85,434.7,431.98,16577,716086100000.0,1201,12201,0.736
2016-10-03,MAYURUNIQ,EQ,434.7,430.0,433.3,427.0,429.0,429.75,430.9,12777,550560930000.0,796,8434,0.6601
2016-10-04,MAYURUNIQ,EQ,429.75,434.9,434.9,427.0,428.8,429.0,429.19,6159,264338800000.0,734,3726,0.605
2016-10-05,MAYURUNIQ,EQ,429.0,432.0,435.5,428.25,430.0,430.65,432.71,12090,523148955000.0,496,7633,0.6313000000000001
2016-10-06,MAYURUNIQ,EQ,430.65,430.0,443.0,430.0,439.5,438.75,437.59,13758,602035695000.0,565,10499,0.7631
2016-10-07,MAYURUNIQ,EQ,438.75,444.6,445.3,430.3,435.15,436.0,434.87,11427,496921565000.00006,616,5986,0.5238
2016-10-10,MAYURUNIQ,EQ,436.0,436.05,461.8,436.05,446.0,446.35,450.86,32085,1446588625000.0,1773,19782,0.6165
2016-10-13,MAYURUNIQ,EQ,446.35,449.0,456.0,438.0,439.0,440.05,445.36,13156,585921170000.0,885,8955,0.6807
2016-10-14,MAYURUNIQ,EQ,440.05,448.9,454.95,437.1,439.0,439.3,441.01,9043,398806740000.0,295,5492,0.6073
2016-10-17,MAYURUNIQ,EQ,439.3,439.0,445.0,434.0,435.0,435.1,436.25,19241,839394905000.0001,533,14521,0.7547
2016-10-18,MAYURUNIQ,EQ,435.1,440.0,444.0,432.0,436.45,436.15,436.5,25028,1092470430000.0001,1850,17269,0.6900000000000001
2016-10-19,MAYURUNIQ,EQ,436.15,444.0,444.0,436.1,441.85,440.15,440.33,9761,429806345000.0,559,7525,0.7709
2016-10-20,MAYURUNIQ,EQ,440.15,440.5,444.0,437.6,441.95,441.2,441.11,6441,284117235000.0,357,4612,0.716
2016-10-21,MAYURUNIQ,EQ,441.2,445.0,445.0,435.25,435.25,437.15,437.99,8605,376891640000.0,242,5805,0.6746
2016-10-24,MAYURUNIQ,EQ,437.15,439.95,439.95,433.0,434.2,435.9,437.25,8179,357624210000.0,339,6298,0.77
2016-10-25,MAYURUNIQ,EQ,435.9,438.4,438.4,432.5,433.6,435.6,436.5,5217,227722985000.0,211,4118,0.7893000000000001
2016-10-26,MAYURUNIQ,EQ,435.6,439.0,445.0,434.1,434.25,435.35,437.43,21591,944456130000.0001,745,13554,0.6278
2016-10-27,MAYURUNIQ,EQ,435.35,436.25,437.95,432.0,432.0,433.2,434.44,12732,553132485000.0,528,9564,0.7512000000000001
2016-10-28,MAYURUNIQ,EQ,433.2,431.0,435.0,430.0,435.0,434.75,433.32,14479,627401190000.0,603,12393,0.8559000000000001
2016-10-30,MAYURUNIQ,EQ,434.75,433.1,439.0,433.1,434.0,437.15,436.71,9945,434309055000.0,433,6197,0.6231
2016-11-01,MAYURUNIQ,EQ,437.15,430.0,437.8,426.0,428.9,428.05,430.82,22298,960647350000.0,1302,10955,0.4913
2016-11-02,MAYURUNIQ,EQ,428.05,426.0,429.8,421.0,421.0,422.45,424.28,10564,448204309999.99994,1038,7975,0.7549
2016-11-03,MAYURUNIQ,EQ,422.45,412.0,422.95,412.0,416.0,415.85,417.01,21490,896155105000.0001,2448,12760,0.5938
2016-11-04,MAYURUNIQ,EQ,415.85,416.0,419.95,412.0,414.0,414.65,415.04,8712,361579750000.0,323,7786,0.8937
2016-11-07,MAYURUNIQ,EQ,414.65,420.0,428.4,416.3,416.7,419.65,422.04,11926,503330175000.0,628,7360,0.6171
2016-11-08,MAYURUNIQ,EQ,419.65,423.15,423.45,412.3,418.0,417.4,416.27,8848,368317415000.0,602,5317,0.6009000000000001
2016-11-09,MAYURUNIQ,EQ,417.4,410.0,433.95,396.05,426.5,423.4,412.07,35061,1444765065000.0,1380,23832,0.6797
2016-11-10,MAYURUNIQ,EQ,423.4,427.0,432.0,425.0,430.0,429.25,427.61,6255,267470479999.99997,472,3841,0.6141
2016-11-11,MAYURUNIQ,EQ,429.25,435.8,435.8,416.0,416.0,418.1,422.61,10105,427050975000.0,630,8394,0.8307
2016-11-15,MAYURUNIQ,EQ,418.1,418.1,418.1,365.0,378.0,376.55,393.27,71067,2794830895000.0,3323,53198,0.7486
2016-11-16,MAYURUNIQ,EQ,376.55,395.0,395.0,379.0,384.9,384.3,384.94,17397,669671600000.0,732,13786,0.7924
2016-11-17,MAYURUNIQ,EQ,384.3,380.0,389.7,375.0,380.0,378.15,380.56,14122,537423980000.0,665,9947,0.7044
2016-11-18,MAYURUNIQ,EQ,378.15,382.15,383.0,376.5,380.9,380.1,379.02,6062,229764600000.0,469,3915,0.6458
2016-11-21,MAYURUNIQ,EQ,380.1,383.0,383.0,370.15,373.0,374.3,375.63,7866,295472050000.0,578,5244,0.6667000000000001
2016-11-22,MAYURUNIQ,EQ,374.3,373.05,381.95,371.2,371.3,372.75,375.37,7520,282278290000.0,351,5638,0.7497
2016-11-23,MAYURUNIQ,EQ,372.75,375.0,379.05,370.5,372.3,373.95,373.95,12503,467554190000.00006,389,10237,0.8188
2016-11-24,MAYURUNIQ,EQ,373.95,373.05,378.7,370.0,375.0,372.3,373.57,11992,447989370000.0,664,9348,0.7795000000000001
2016-11-25,MAYURUNIQ,EQ,372.3,376.0,378.0,370.3,370.3,371.95,373.49,13938,520572475000.0,786,9224,0.6618
2016-11-28,MAYURUNIQ,EQ,371.95,372.3,378.0,372.0,372.0,372.95,375.04,6874,257799450000.0,328,4959,0.7214
2016-11-29,MAYURUNIQ,EQ,372.95,375.5,377.55,338.75,356.3,357.2,359.52,44741,1608520315000.0,1926,20482,0.45780000000000004
2016-11-30,MAYURUNIQ,EQ,357.2,357.0,374.9,357.0,364.0,365.9,366.73,17933,657664240000.0,1044,13469,0.7511
2016-12-01,MAYURUNIQ,EQ,365.9,370.0,372.8,364.0,369.5,367.25,368.65,7697,283751085000.0,761,4908,0.6377
2016-12-02,MAYURUNIQ,EQ,367.25,370.0,370.85,360.0,364.05,364.35,365.33,10320,377017540000.0,1095,4751,0.4604
2016-12-05,MAYURUNIQ,EQ,364.35,366.0,368.0,361.0,361.0,362.0,362.76,6067,220084975000.0,452,3840,0.6329
2016-12-06,MAYURUNIQ,EQ,362.0,365.85,365.85,360.0,361.0,360.5,361.54,4782,172886770000.0,354,3220,0.6734
2016-12-07,MAYURUNIQ,EQ,360.5,362.95,364.8,359.0,361.3,359.95,361.02,4090,147655615000.0,461,3004,0.7345
2016-12-08,MAYURUNIQ,EQ,359.95,356.55,364.55,356.5,362.0,362.4,362.37,12958,469561350000.0,438,11062,0.8537
2016-12-09,MAYURUNIQ,EQ,362.4,354.1,360.0,354.1,358.5,357.25,355.82,13765,489784205000.0,571,8060,0.5855
2016-12-12,MAYURUNIQ,EQ,357.25,363.9,363.9,358.0,360.0,360.35,360.63,4173,150491445000.0,204,3688,0.8837999999999999
2016-12-13,MAYURUNIQ,EQ,360.35,360.0,363.35,355.3,355.5,356.2,357.61,4161,148800175000.0,307,3104,0.746
2016-12-14,MAYURUNIQ,EQ,356.2,360.5,362.0,355.2,359.45,358.9,359.15,3561,127893485000.00002,234,2694,0.7565000000000001
2016-12-15,MAYURUNIQ,EQ,358.9,359.0,361.0,354.0,355.7,354.6,357.46,12464,445543970000.0,663,9291,0.7454000000000001
2016-12-16,MAYURUNIQ,EQ,354.6,356.0,360.0,350.05,354.0,353.85,355.23,7473,265459904999.99997,628,5165,0.6912
2016-12-19,MAYURUNIQ,EQ,353.85,359.9,359.9,353.0,355.0,354.1,354.66,4509,159916860000.0,262,3555,0.7884000000000001
2016-12-20,MAYURUNIQ,EQ,354.1,355.0,355.0,350.95,352.0,351.8,352.59,3821,134724400000.0,257,3238,0.8473999999999999
2016-12-21,MAYURUNIQ,EQ,351.8,350.6,353.95,348.8,350.0,350.15,350.39,10785,377896625000.0,419,9883,0.9164
2016-12-22,MAYURUNIQ,EQ,350.15,352.0,352.0,343.75,345.85,345.45,346.7,11230,389341630000.0,434,10564,0.9407
2016-12-23,MAYURUNIQ,EQ,345.45,345.45,349.4,336.0,343.5,339.45,341.68,26016,888919219999.9999,1106,20660,0.7941
2016-12-26,MAYURUNIQ,EQ,339.45,345.0,345.05,336.0,340.0,339.8,339.37,13114,445054865000.00006,475,11668,0.8897
2016-12-27,MAYURUNIQ,EQ,339.8,346.95,346.95,339.0,342.0,341.05,341.97,12192,416930355000.0,634,9844,0.8074
2016-12-28,MAYURUNIQ,EQ,341.05,347.0,347.95,339.7,340.0,340.2,341.69,17825,609066320000.0,716,13748,0.7713
2016-12-29,MAYURUNIQ,EQ,340.2,338.05,346.5,338.05,340.85,340.05,341.09,6829,232927425000.0,334,5838,0.8549
2016-12-30,MAYURUNIQ,EQ,340.05,341.0,342.9,337.95,340.0,339.9,340.21,21199,721214330000.0,806,19065,0.8993000000000001
2017-01-02,MAYURUNIQ,EQ,339.9,347.9,347.9,340.0,341.0,340.95,341.82,9943,339869870000.0,560,7452,0.7495
2017-01-03,MAYURUNIQ,EQ,340.95,344.9,344.9,340.65,344.4,343.35,343.34,14794,507931400000.0,429,11854,0.8013
2017-01-04,MAYURUNIQ,EQ,343.35,345.0,346.9,341.3,342.5,341.95,342.98,11205,384307935000.0,511,8577,0.7655
2017-01-05,MAYURUNIQ,EQ,341.95,344.95,346.5,343.1,344.0,343.95,344.79,13852,477607800000.0,659,9746,0.7036
2017-01-06,MAYURUNIQ,EQ,343.95,345.9,345.9,340.35,342.0,342.95,342.25,8129,278216560000.0,525,4827,0.5938
2017-01-09,MAYURUNIQ,EQ,342.95,345.95,346.5,337.4,340.5,340.6,341.82,12595,430524800000.0,724,9050,0.7184999999999999
2017-01-10,MAYURUNIQ,EQ,340.6,344.8,344.8,339.0,340.15,340.7,341.08,9763,332994940000.0,387,6614,0.6775
2017-01-11,MAYURUNIQ,EQ,340.7,340.0,343.75,340.0,341.4,341.95,341.87,30952,1058157850000.0,386,28675,0.9264
2017-01-12,MAYURUNIQ,EQ,341.95,342.5,346.9,341.95,344.0,343.8,343.55,11161,383437935000.0,490,7703,0.6901999999999999
2017-01-13,MAYURUNIQ,EQ,343.8,344.0,344.85,340.0,341.0,341.9,341.73,7908,270243125000.0,648,5905,0.7467
2017-01-16,MAYURUNIQ,EQ,341.9,346.8,347.0,342.0,343.0,342.95,343.42,12665,434940665000.00006,450,10330,0.8156
2017-01-17,MAYURUNIQ,EQ,342.95,342.55,346.15,340.1,342.95,341.45,341.74,12708,434287840000.00006,1726,11016,0.8669
2017-01-18,MAYURUNIQ,EQ,341.45,345.6,346.0,343.0,343.4,344.9,344.71,15242,525410520000.0,303,12997,0.8527
2017-01-19,MAYURUNIQ,EQ,344.9,347.0,359.0,345.05,354.45,355.0,353.13,33264,1174650650000.0,1669,21350,0.6418
2017-01-20,MAYURUNIQ,EQ,355.0,355.0,364.9,355.0,359.7,357.6,360.44,27644,996401955000.0001,1155,19088,0.6905
2017-01-23,MAYURUNIQ,EQ,357.6,364.55,373.7,356.0,373.7,371.1,365.37,15114,552217385000.0,922,10143,0.6711
2017-01-24,MAYURUNIQ,EQ,371.1,371.8,381.0,371.8,379.0,377.55,375.91,10489,394291010000.0,415,8269,0.7883
2017-01-25,MAYURUNIQ,EQ,377.55,385.55,385.9,369.5,377.0,373.65,378.76,21853,827702155000.0,905,15942,0.7295
2017-01-27,MAYURUNIQ,EQ,373.65,375.0,380.05,374.0,379.0,376.55,377.4,8964,338297605000.0,386,6582,0.7343000000000001
2017-01-30,MAYURUNIQ,EQ,376.55,380.0,384.8,372.5,373.0,375.1,379.37,13043,494816809999.99994,596,9349,0.7168000000000001
2017-01-31,MAYURUNIQ,EQ,375.1,378.5,378.5,363.25,368.0,368.2,369.55,9176,339100695000.0,510,5931,0.6464
2017-02-01,MAYURUNIQ,EQ,368.2,370.0,374.95,362.0,370.5,371.8,369.44,5352,197725850000.0,396,3273,0.6115
2017-02-02,MAYURUNIQ,EQ,371.8,371.0,389.45,368.05,388.0,386.9,384.05,16821,646017595000.0,954,11711,0.6962
2017-02-03,MAYURUNIQ,EQ,386.9,388.95,391.7,383.1,385.1,385.75,386.52,17147,662771000000.0,766,9334,0.5444
2017-02-06,MAYURUNIQ,EQ,385.75,409.5,409.5,381.25,381.35,382.3,385.39,17205,663064015000.0,906,10929,0.6352000000000001
2017-02-07,MAYURUNIQ,EQ,382.3,389.8,389.8,381.5,382.0,382.25,382.96,4429,169612620000.0,261,2500,0.5645
2017-02-08,MAYURUNIQ,EQ,382.25,385.0,389.0,381.0,382.5,381.8,383.65,18635,714926365000.0,583,14786,0.7935
2017-02-09,MAYURUNIQ,EQ,381.8,386.9,387.0,381.0,382.0,382.95,383.96,9301,357117755000.0,324,7716,0.8296
2017-02-10,MAYURUNIQ,EQ,382.95,383.0,383.5,363.15,363.95,364.2,373.13,45661,1703744675000.0,1331,36738,0.8046
2017-02-13,MAYURUNIQ,EQ,364.2,372.0,372.0,363.95,369.05,368.65,366.16,12307,450634634999.99994,722,8276,0.6725
2017-02-14,MAYURUNIQ,EQ,368.65,369.0,375.5,361.95,363.0,362.5,366.35,6941,254281829999.99997,314,4927,0.7098000000000001
2017-02-15,MAYURUNIQ,EQ,362.5,363.0,363.95,350.0,350.0,350.75,355.49,11569,411265900000.0,605,9464,0.818
2017-02-16,MAYURUNIQ,EQ,350.75,355.75,361.5,353.0,360.25,360.05,357.62,14112,504677275000.0,527,9665,0.6849
2017-02-17,MAYURUNIQ,EQ,360.05,360.1,374.0,360.1,370.0,370.2,368.73,21716,800743370000.0,638,17426,0.8024
2017-02-20,MAYURUNIQ,EQ,370.2,374.7,379.7,363.5,374.0,373.95,371.17,10560,391950370000.0,407,8361,0.7918000000000001
2017-02-21,MAYURUNIQ,EQ,373.95,375.5,380.0,373.2,376.8,375.75,376.17,9427,354612870000.0,747,5582,0.5921000000000001
2017-02-22,MAYURUNIQ,EQ,375.75,379.65,379.7,370.0,373.2,371.65,372.24,9501,353669850000.0,557,7294,0.7676999999999999
2017-02-23,MAYURUNIQ,EQ,371.65,374.5,374.8,368.0,370.05,371.0,370.71,23248,861817560000.0,904,18874,0.8119
2017-02-27,MAYURUNIQ,EQ,371.0,374.0,376.85,369.95,373.1,371.95,371.37,8061,299361335000.0,782,4755,0.5899
2017-02-28,MAYURUNIQ,EQ,371.95,375.5,375.5,363.15,365.0,364.85,368.0,7592,279383740000.0,484,5239,0.6901
2017-03-01,MAYURUNIQ,EQ,364.85,365.0,370.0,363.15,369.9,367.85,367.79,4261,156715590000.0,267,2643,0.6203000000000001
2017-03-02,MAYURUNIQ,EQ,367.85,372.75,383.85,352.5,354.45,356.2,364.54,22451,818428295000.0,782,13814,0.6153000000000001
2017-03-03,MAYURUNIQ,EQ,356.2,357.1,365.5,354.0,360.0,362.5,362.01,6327,229043975000.0,296,4196,0.6631999999999999
2017-03-06,MAYURUNIQ,EQ,362.5,362.5,368.8,358.9,365.0,360.05,360.73,10160,366504360000.0,462,7392,0.7276
2017-03-07,MAYURUNIQ,EQ,360.05,360.2,364.6,359.0,359.0,359.4,360.47,10910,393275110000.0,756,7385,0.6769
2017-03-08,MAYURUNIQ,EQ,359.4,360.05,364.0,359.0,360.5,360.2,360.94,7210,260240360000.0,376,4837,0.6709
2017-03-09,MAYURUNIQ,EQ,360.2,363.95,363.95,360.9,362.0,362.05,362.16,4798,173765330000.0,271,3629,0.7564000000000001
2017-03-10,MAYURUNIQ,EQ,362.05,365.45,373.0,363.4,372.9,371.0,368.1,14290,526017945000.0,493,11821,0.8272
2017-03-14,MAYURUNIQ,EQ,371.0,372.9,378.9,372.0,377.3,375.1,374.89,36116,1353954260000.0,386,34035,0.9424
2017-03-15,MAYURUNIQ,EQ,375.1,373.1,377.2,373.1,375.0,375.4,375.08,14974,561642400000.0,289,12818,0.856
2017-03-16,MAYURUNIQ,EQ,375.4,378.0,379.5,371.1,371.5,372.75,375.63,9206,345806760000.0,367,6211,0.6747
2017-03-17,MAYURUNIQ,EQ,372.75,373.0,377.3,362.1,366.0,365.1,368.82,13467,496696550000.0,581,8642,0.6417
2017-03-20,MAYURUNIQ,EQ,365.1,369.8,375.0,366.1,375.0,374.4,371.45,9752,362242515000.0,467,6217,0.6375000000000001
2017-03-21,MAYURUNIQ,EQ,374.4,375.0,376.0,365.0,365.55,366.65,369.28,12734,470242284999.99994,499,8506,0.668
2017-03-22,MAYURUNIQ,EQ,366.65,367.45,370.0,360.0,368.5,369.5,366.78,11885,435920470000.0,781,7009,0.5897
2017-03-23,MAYURUNIQ,EQ,369.5,371.45,371.45,361.5,363.95,363.35,364.16,17089,622315005000.0,543,12604,0.7376
2017-03-24,MAYURUNIQ,EQ,363.35,369.5,369.5,359.5,360.0,359.95,360.76,26193,944943819999.9999,642,21809,0.8326000000000001
2017-03-27,MAYURUNIQ,EQ,359.95,366.45,366.45,356.35,361.25,361.85,359.43,27489,988027375000.0,444,25010,0.9098
2017-03-28,MAYURUNIQ,EQ,361.85,360.1,364.95,359.1,360.0,361.1,360.29,15555,560428425000.0,405,13735,0.883
2017-03-29,MAYURUNIQ,EQ,361.1,363.0,365.5,359.85,363.1,363.6,363.29,18324,665694695000.0,566,10052,0.5486
2017-03-30,MAYURUNIQ,EQ,363.6,367.7,377.0,362.0,375.0,375.1,371.84,39525,1469689835000.0,908,32717,0.8278
2017-03-31,MAYURUNIQ,EQ,375.1,376.05,384.95,375.25,376.5,378.4,380.85,32627,1242608455000.0,688,25134,0.7703
2017-04-03,MAYURUNIQ,EQ,378.4,382.05,387.0,376.65,385.3,384.9,381.27,21093,804222230000.0,650,14745,0.6990000000000001
2017-04-05,MAYURUNIQ,EQ,384.9,387.2,404.4,383.5,390.05,390.55,395.59,77201,3053997115000.0,2556,40552,0.5253
2017-04-06,MAYURUNIQ,EQ,390.55,388.5,393.95,383.05,383.9,384.2,385.81,17198,663522075000.0,784,9361,0.5443
2017-04-07,MAYURUNIQ,EQ,384.2,382.0,397.85,382.0,384.1,384.45,387.7,15337,594608855000.0,1009,7877,0.5136000000000001
2017-04-10,MAYURUNIQ,EQ,384.45,390.0,396.5,380.55,383.0,382.05,384.34,11166,429153584999.99994,661,4601,0.4121
2017-04-11,MAYURUNIQ,EQ,382.05,381.1,392.0,379.1,389.25,388.0,387.92,16454,638288430000.0,635,11762,0.7148000000000001
2017-04-12,MAYURUNIQ,EQ,388.0,393.95,393.95,381.05,388.2,385.9,384.73,10029,385848480000.0,407,5795,0.5778
2017-04-13,MAYURUNIQ,EQ,385.9,382.0,387.75,380.5,384.0,382.1,384.4,9673,371828165000.0,513,6655,0.688
2017-04-17,MAYURUNIQ,EQ,382.1,380.5,384.0,379.0,380.0,380.0,380.87,12760,485992040000.00006,336,10034,0.7864
2017-04-18,MAYURUNIQ,EQ,380.0,380.05,396.0,380.05,387.0,388.4,391.09,38402,1501853370000.0,1678,19808,0.5158
2017-04-19,MAYURUNIQ,EQ,388.4,394.9,397.0,387.0,388.0,390.35,392.88,26250,1031322625000.0,1000,17353,0.6611
2017-04-20,MAYURUNIQ,EQ,390.35,393.9,397.0,391.25,397.0,395.4,394.94,15144,598096315000.0,688,9991,0.6597
2017-04-21,MAYURUNIQ,EQ,395.4,396.0,404.4,394.2,399.95,399.6,399.79,52667,2105576485000.0002,1860,39633,0.7525000000000001
2017-04-24,MAYURUNIQ,EQ,399.6,405.45,422.5,402.0,420.0,419.7,417.17,89809,3746546690000.0,2726,62528,0.6962
2017-04-25,MAYURUNIQ,EQ,419.7,424.8,430.0,412.0,412.0,413.85,419.78,46061,1933529670000.0,1477,33305,0.7231000000000001
2017-04-26,MAYURUNIQ,EQ,413.85,418.0,422.15,404.1,404.65,405.7,412.56,36861,1520719590000.0,1480,23682,0.6425
2017-04-27,MAYURUNIQ,EQ,405.7,410.0,413.55,401.0,401.05,402.05,405.2,17887,724777965000.0,831,12757,0.7132
2017-04-28,MAYURUNIQ,EQ,402.05,402.65,407.0,396.0,396.5,398.35,400.82,26497,1062044140000.0,726,19964,0.7534000000000001
2017-05-02,MAYURUNIQ,EQ,398.35,399.95,404.5,396.95,400.0,400.25,400.17,21960,878770240000.0,814,13782,0.6276
2017-05-03,MAYURUNIQ,EQ,400.25,400.0,403.85,394.0,397.8,396.4,399.54,16358,653566160000.0,780,10191,0.623
2017-05-04,MAYURUNIQ,EQ,396.4,396.4,403.0,396.0,401.9,398.95,400.27,12560,502743215000.00006,552,6161,0.4905
2017-05-05,MAYURUNIQ,EQ,398.95,404.45,405.0,390.0,396.8,394.6,398.58,19354,771410355000.0,896,11907,0.6152000000000001
2017-05-08,MAYURUNIQ,EQ,394.6,395.0,400.0,388.1,391.0,389.55,392.52,16638,653080720000.0,862,10348,0.6219
2017-05-09,MAYURUNIQ,EQ,389.55,394.8,405.0,392.0,405.0,403.1,400.29,24334,974053965000.0,1132,12912,0.5306000000000001
2017-05-10,MAYURUNIQ,EQ,403.1,407.3,414.0,395.3,398.55,397.35,404.09,27632,1116578905000.0,1444,13457,0.48700000000000004
2017-05-11,MAYURUNIQ,EQ,397.35,403.0,403.5,391.0,392.5,392.6,394.06,23323,919076385000.0,1823,17937,0.7691
2017-05-12,MAYURUNIQ,EQ,392.6,396.0,396.0,386.0,388.9,387.75,389.35,25106,977505740000.0,1577,17323,0.6900000000000001
2017-05-15,MAYURUNIQ,EQ,387.75,399.85,399.85,384.0,384.0,384.55,388.18,17193,667399595000.0,1057,10705,0.6226
2017-05-16,MAYURUNIQ,EQ,384.55,391.95,391.95,377.0,379.3,380.0,380.06,67008,2546680565000.0,3944,47390,0.7072
2017-05-17,MAYURUNIQ,EQ,380.0,384.0,386.45,378.3,380.9,380.0,380.29,50133,1906509025000.0,2070,39272,0.7834000000000001
2017-05-18,MAYURUNIQ,EQ,380.0,378.5,388.95,378.0,386.1,387.0,385.2,13841,533157575000.0,745,9197,0.6645000000000001
2017-05-19,MAYURUNIQ,EQ,387.0,392.0,392.0,377.05,380.1,381.75,383.77,14373,551589550000.0,744,8584,0.5972
2017-05-22,MAYURUNIQ,EQ,381.75,380.05,387.95,377.5,380.0,380.55,380.36,12939,492142815000.00006,572,9073,0.7012
2017-05-23,MAYURUNIQ,EQ,380.55,380.65,391.0,376.0,380.0,380.5,381.45,19466,742524480000.0,966,11649,0.5984
2017-05-24,MAYURUNIQ,EQ,380.5,384.8,384.9,377.0,377.0,377.5,379.57,11866,450400565000.00006,521,7936,0.6688
2017-05-25,MAYURUNIQ,EQ,377.5,377.15,377.8,368.1,372.0,372.65,372.48,15741,586325950000.0,672,9199,0.5844
2017-05-26,MAYURUNIQ,EQ,372.65,370.5,379.35,368.3,369.0,369.4,370.83,14895,552351135000.0,513,11588,0.778
2017-05-29,MAYURUNIQ,EQ,369.4,371.0,373.8,363.6,365.0,364.6,366.8,17723,650086195000.0,726,11128,0.6279
2017-05-30,MAYURUNIQ,EQ,364.6,367.05,374.8,360.0,364.9,363.5,363.96,14891,541970105000.0,873,8943,0.6006
2017-05-31,MAYURUNIQ,EQ,363.5,362.05,363.85,354.6,354.75,356.15,357.81,39150,1400819785000.0,917,33062,0.8445
2017-06-01,MAYURUNIQ,EQ,356.15,354.65,366.9,353.4,364.0,364.35,359.44,31483,1131609530000.0,1100,24002,0.7624
2017-06-02,MAYURUNIQ,EQ,364.35,367.95,369.9,357.1,363.95,364.8,364.2,16393,597028460000.0,690,10965,0.6689
2017-06-05,MAYURUNIQ,EQ,364.8,364.0,371.0,363.95,366.85,366.45,368.5,7075,260712185000.0,386,4930,0.6968000000000001
2017-06-06,MAYURUNIQ,EQ,366.45,373.45,373.45,357.05,362.8,361.9,362.42,12480,452305250000.0,602,8478,0.6793000000000001
2017-06-07,MAYURUNIQ,EQ,361.9,362.0,372.8,359.9,368.0,368.3,365.89,10909,399151435000.0,578,6974,0.6393
2017-06-08,MAYURUNIQ,EQ,368.3,373.0,375.8,366.0,367.55,368.55,371.06,18516,687046405000.0,589,13850,0.748
2017-06-09,MAYURUNIQ,EQ,368.55,367.0,371.65,363.15,364.0,364.8,366.97,17098,627446795000.0,611,13237,0.7742
2017-06-12,MAYURUNIQ,EQ,364.8,365.0,372.0,363.0,368.0,366.6,366.73,16955,621791070000.0,742,11867,0.6999
2017-06-13,MAYURUNIQ,EQ,366.6,380.0,380.0,363.45,364.1,365.25,368.02,23030,847543110000.0,819,15581,0.6766
2017-06-14,MAYURUNIQ,EQ,365.25,369.85,373.8,362.05,365.7,365.65,365.83,10761,393667050000.0,566,5245,0.48740000000000006
2017-06-15,MAYURUNIQ,EQ,365.65,372.6,372.6,360.2,362.5,361.75,364.06,19511,710319710000.0,1234,12401,0.6356
2017-06-16,MAYURUNIQ,EQ,361.75,364.45,365.05,360.25,362.6,363.0,362.92,11891,431544934999.99994,816,7385,0.6211
2017-06-19,MAYURUNIQ,EQ,363.0,363.5,365.5,361.85,364.5,363.7,363.92,8631,314101260000.0,412,5404,0.6261
2017-06-20,MAYURUNIQ,EQ,363.7,364.5,368.45,361.05,361.05,362.65,363.55,419710,15258581335000.0,1067,410615,0.9783000000000001
2017-06-21,MAYURUNIQ,EQ,362.65,364.15,364.15,358.05,360.3,360.45,360.52,25396,915578235000.0,2052,18142,0.7144
2017-06-22,MAYURUNIQ,EQ,360.45,364.95,377.0,361.05,373.5,369.9,370.69,56991,2112573260000.0002,1964,32503,0.5703
2017-06-23,MAYURUNIQ,EQ,369.9,374.9,375.55,364.0,365.0,365.5,367.88,21860,804195320000.0,989,14491,0.6629
2017-06-27,MAYURUNIQ,EQ,365.5,369.95,380.0,363.0,364.7,364.8,371.77,78135,2904796540000.0,2358,30496,0.39030000000000004
2017-06-28,MAYURUNIQ,EQ,364.8,364.8,368.45,364.2,366.05,364.85,366.03,7469,273389704999.99997,335,5714,0.765
2017-06-29,MAYURUNIQ,EQ,364.85,366.95,371.9,363.0,367.0,365.8,367.43,14641,537960505000.0,645,9712,0.6633
2017-06-30,MAYURUNIQ,EQ,365.8,366.05,366.25,360.1,361.75,363.05,362.64,37488,1359472420000.0,602,33250,0.887
2017-07-03,MAYURUNIQ,EQ,363.05,364.05,369.25,363.0,367.0,366.75,366.62,68803,2522453455000.0,745,60633,0.8813
2017-07-04,MAYURUNIQ,EQ,366.75,366.0,368.95,361.1,361.45,361.85,364.12,30962,1127379205000.0,820,22524,0.7275
2017-07-05,MAYURUNIQ,EQ,361.85,364.55,365.0,360.15,364.0,363.9,363.1,30972,1124597680000.0,726,25352,0.8185
2017-07-06,MAYURUNIQ,EQ,363.9,364.85,368.95,360.7,362.6,363.05,363.53,46109,1676218270000.0,1089,31510,0.6834
2017-07-07,MAYURUNIQ,EQ,363.05,364.4,365.0,362.4,364.9,364.6,364.16,38426,1399316115000.0,461,34849,0.9069
2017-07-10,MAYURUNIQ,EQ,364.6,369.0,369.0,361.3,363.95,363.8,364.62,9345,340741575000.0,165,8725,0.9337000000000001
2017-07-11,MAYURUNIQ,EQ,363.8,368.9,368.9,363.45,364.6,363.85,365.29,21446,783390780000.0,506,17633,0.8222
2017-07-12,MAYURUNIQ,EQ,363.85,364.95,365.25,364.0,365.0,364.75,364.74,10271,374619530000.0,308,8524,0.8299
2017-07-13,MAYURUNIQ,EQ,364.75,365.0,367.35,361.0,361.2,361.7,363.67,27710,1007740555000.0001,528,23464,0.8468000000000001
2017-07-14,MAYURUNIQ,EQ,361.7,364.0,365.0,362.0,363.0,363.25,363.1,91605,3326163940000.0,617,84415,0.9215000000000001
2017-07-17,MAYURUNIQ,EQ,363.25,368.0,373.75,364.6,367.0,365.55,369.43,59822,2210020010000.0,1547,39070,0.6531
2017-07-18,MAYURUNIQ,EQ,365.55,370.0,377.9,368.0,368.6,370.3,373.41,145770,5443159245000.0,3091,60941,0.4181
2017-07-19,MAYURUNIQ,EQ,370.3,372.75,373.5,368.85,370.0,370.05,370.77,45098,1672117805000.0,735,35311,0.783
2017-07-20,MAYURUNIQ,EQ,370.05,368.25,370.6,363.55,364.3,364.1,365.92,86837,3177577940000.0,869,82151,0.946
2017-07-21,MAYURUNIQ,EQ,364.1,364.0,372.0,364.0,368.95,367.95,368.46,18094,666695865000.0,765,11643,0.6435
2017-07-24,MAYURUNIQ,EQ,367.95,369.0,369.7,364.0,365.0,364.15,365.32,20413,745737485000.0,600,15200,0.7445999999999999
2017-07-25,MAYURUNIQ,EQ,364.15,365.9,366.75,364.5,365.05,365.5,365.17,12750,465586730000.0,289,10813,0.8481000000000001
2017-07-26,MAYURUNIQ,EQ,365.5,365.25,367.0,363.45,364.0,364.35,364.79,24436,891400805000.0001,426,20159,0.8250000000000001
2017-07-27,MAYURUNIQ,EQ,364.35,365.0,366.2,363.0,363.5,364.55,364.26,13508,492046465000.00006,734,10086,0.7467
2017-07-28,MAYURUNIQ,EQ,364.55,364.05,365.0,362.85,363.0,363.15,363.3,21144,768157940000.0,298,17525,0.8288
2017-07-31,MAYURUNIQ,EQ,363.15,366.9,367.0,360.1,361.0,361.35,363.0,18068,655860390000.0,416,15581,0.8623999999999999
2017-08-01,MAYURUNIQ,EQ,361.35,361.0,364.7,359.0,360.1,360.45,361.12,18219,657928835000.0,915,14686,0.8061
2017-08-02,MAYURUNIQ,EQ,360.45,361.3,361.95,355.0,359.9,359.85,358.63,46261,1659043215000.0,2059,42342,0.9153
2017-08-03,MAYURUNIQ,EQ,359.85,355.65,361.05,355.65,359.9,359.55,359.7,28034,1008370950000.0,1397,23482,0.8376000000000001
2017-08-04,MAYURUNIQ,EQ,359.55,357.15,358.8,354.2,356.0,355.1,356.07,19316,687787440000.0,902,15836,0.8198000000000001
2017-08-07,MAYURUNIQ,EQ,355.1,355.05,357.35,352.15,354.95,354.5,354.53,24692,875408090000.0,595,18236,0.7384999999999999
2017-08-08,MAYURUNIQ,EQ,354.5,368.95,368.95,346.55,350.0,348.15,350.09,14569,510041965000.00006,868,11078,0.7604000000000001
2017-08-09,MAYURUNIQ,EQ,348.15,348.45,349.95,340.0,340.1,340.9,342.87,14568,499494034999.99994,736,10460,0.718
2017-08-10,MAYURUNIQ,EQ,340.9,342.85,342.9,311.0,327.6,322.65,335.68,79778,2678003890000.0,1065,71080,0.891
2017-08-11,MAYURUNIQ,EQ,322.65,332.9,343.3,311.1,327.0,325.7,326.65,350231,11440223885000.0,3518,231399,0.6607
2017-08-14,MAYURUNIQ,EQ,325.7,321.25,352.05,320.5,340.0,340.15,334.99,77049,2581064675000.0,1783,33957,0.44070000000000004
2017-08-16,MAYURUNIQ,EQ,340.15,340.55,351.0,319.0,333.0,334.4,336.16,55330,1859996975000.0,1848,32766,0.5922
2017-08-17,MAYURUNIQ,EQ,334.4,335.95,366.0,334.05,347.2,348.35,345.95,146621,5072361635000.0,1001,71861,0.4901
2017-08-18,MAYURUNIQ,EQ,348.35,356.9,362.0,341.05,350.0,350.85,354.08,127293,4507248630000.0,3066,62977,0.4947
2017-08-21,MAYURUNIQ,EQ,350.85,352.4,357.7,335.3,338.0,346.25,349.54,300758,10512715635000.0,5131,232700,0.7737
2017-08-22,MAYURUNIQ,EQ,346.25,345.05,364.95,341.3,358.0,358.85,352.0,66086,2326234330000.0,2252,33232,0.5029
2017-08-23,MAYURUNIQ,EQ,358.85,367.9,370.0,355.15,359.85,358.2,362.65,254759,9238867335000.0,3034,213967,0.8399
2017-08-24,MAYURUNIQ,EQ,358.2,360.9,366.45,351.0,359.95,353.25,355.78,192070,6833494345000.0,2551,169022,0.88
2017-08-28,MAYURUNIQ,EQ,353.25,355.9,367.0,355.0,356.0,356.6,361.62,117340,4243299079999.9995,2848,42550,0.3626
2017-08-29,MAYURUNIQ,EQ,356.6,356.6,364.7,355.0,360.0,359.75,361.0,63294,2284891635000.0,1318,44617,0.7049
2017-08-30,MAYURUNIQ,EQ,359.75,363.7,364.95,361.0,361.1,361.4,362.82,27696,1004873815000.0,538,20776,0.7501000000000001
2017-08-31,MAYURUNIQ,EQ,361.4,362.4,363.0,355.2,361.0,360.6,360.55,32439,1169590915000.0,552,26192,0.8074
2017-09-01,MAYURUNIQ,EQ,360.6,362.9,364.75,360.5,361.0,361.35,361.89,44984,1627947335000.0,850,37206,0.8271
2017-09-04,MAYURUNIQ,EQ,361.35,360.55,366.95,358.8,363.25,361.9,362.17,33240,1203838200000.0,978,17992,0.5413
2017-09-05,MAYURUNIQ,EQ,361.9,364.95,365.0,361.5,362.5,362.5,362.25,78466,2842446895000.0,949,65586,0.8359000000000001
2017-09-06,MAYURUNIQ,EQ,362.5,359.15,374.9,359.15,372.55,372.7,369.63,239263,8843964415000.0,2943,154939,0.6476000000000001
2017-09-07,MAYURUNIQ,EQ,372.7,376.0,379.75,356.95,361.9,359.95,361.96,6955952,251776987690000.0,17833,5245711,0.7541
2017-09-08,MAYURUNIQ,EQ,359.95,367.8,369.0,360.65,361.15,362.25,364.51,451460,16456117625000.0,8640,234659,0.5197999999999999
2017-09-11,MAYURUNIQ,EQ,362.25,366.0,374.8,362.95,369.8,370.1,369.06,519525,19173703315000.0,8537,319790,0.6154999999999999
2017-09-12,MAYURUNIQ,EQ,370.1,374.1,376.0,368.95,371.0,370.15,371.6,205414,7633143930000.0,3413,128563,0.6259
2017-09-13,MAYURUNIQ,EQ,370.15,370.2,373.0,361.3,363.6,362.65,366.82,122733,4502102110000.0,2648,67578,0.5506000000000001
2017-09-14,MAYURUNIQ,EQ,362.65,364.8,368.9,358.0,362.5,363.1,362.05,115969,4198689640000.0,2868,79872,0.6887000000000001
2017-09-15,MAYURUNIQ,EQ,363.1,360.0,366.4,358.25,363.5,362.9,363.44,112634,4093560835000.0,2045,74185,0.6586
2017-09-18,MAYURUNIQ,EQ,362.9,363.7,368.0,361.1,365.5,365.95,365.39,64590,2360064385000.0,1589,41230,0.6383
2017-09-19,MAYURUNIQ,EQ,365.95,365.95,367.5,364.05,367.5,366.9,366.16,86128,3153698050000.0,1539,73095,0.8487
2017-09-20,MAYURUNIQ,EQ,366.9,370.0,387.0,367.05,375.0,376.2,379.19,578880,21950517015000.0,10541,303531,0.5243
2017-09-21,MAYURUNIQ,EQ,376.2,375.0,382.55,370.15,376.0,375.8,376.21,141043,5306133420000.0,2770,89184,0.6323
2017-09-22,MAYURUNIQ,EQ,375.8,376.0,377.05,367.95,369.0,371.05,371.98,181761,6761175580000.0,5397,135636,0.7462000000000001
2017-09-25,MAYURUNIQ,EQ,371.05,371.0,371.0,358.0,363.05,363.65,361.64,105616,3819460129999.9995,3300,72306,0.6846
2017-09-26,MAYURUNIQ,EQ,363.65,363.2,366.8,358.5,365.0,364.8,361.2,106764,3856326620000.0005,2671,80895,0.7576999999999999
2017-09-27,MAYURUNIQ,EQ,364.8,365.0,368.0,359.0,359.0,360.75,361.0,81246,2932945170000.0,2256,64181,0.79
2017-09-28,MAYURUNIQ,EQ,360.75,364.0,366.7,358.55,362.0,362.25,360.56,47371,1707986825000.0,1244,33735,0.7121
2017-09-29,MAYURUNIQ,EQ,362.25,363.4,367.8,363.35,365.0,364.15,364.52,14736,537163625000.0,382,10206,0.6926000000000001
2017-10-03,MAYURUNIQ,EQ,364.15,369.0,369.0,361.5,363.0,364.85,364.5,15466,563740830000.0,552,9867,0.638
2017-10-04,MAYURUNIQ,EQ,364.85,362.0,369.0,362.0,366.0,365.25,365.28,27142,991447410000.0,1082,18568,0.6840999999999999
2017-10-05,MAYURUNIQ,EQ,365.25,364.1,390.0,364.1,388.0,385.55,382.07,315569,12056867985000.0,8199,143883,0.4559
2017-10-06,MAYURUNIQ,EQ,385.55,389.8,390.0,380.0,381.0,381.45,386.02,69954,2700380460000.0,1874,38377,0.5486
2017-10-09,MAYURUNIQ,EQ,381.45,386.95,397.4,382.6,383.15,385.25,389.21,169537,6598485000000.0,3734,88265,0.5206000000000001
2017-10-10,MAYURUNIQ,EQ,385.25,386.75,396.8,382.0,391.3,394.2,390.65,83172,3249137330000.0,2456,48983,0.5889
2017-10-11,MAYURUNIQ,EQ,394.2,396.95,404.95,383.55,389.0,387.8,395.29,190003,7510637000000.0,4753,102816,0.5411
2017-10-12,MAYURUNIQ,EQ,387.8,396.95,404.5,390.25,403.0,402.65,399.06,108398,4325766829999.9995,4070,72922,0.6727
2017-10-13,MAYURUNIQ,EQ,402.65,409.95,409.95,400.0,407.5,405.4,404.56,74224,3002831725000.0,3359,47313,0.6374000000000001
2017-10-16,MAYURUNIQ,EQ,405.4,407.95,417.0,403.15,405.85,408.5,410.86,118343,4862269260000.0,2796,77278,0.653
2017-10-17,MAYURUNIQ,EQ,408.5,415.0,415.9,404.35,411.5,412.15,411.47,68941,2836702860000.0,1682,44740,0.649
2017-10-18,MAYURUNIQ,EQ,412.15,414.8,415.9,407.0,415.0,414.65,412.38,36936,1523184200000.0,1078,26860,0.7272
2017-10-19,MAYURUNIQ,EQ,414.65,412.1,416.0,408.55,408.55,412.35,414.02,42655,1765987320000.0,856,33693,0.7898999999999999
2017-10-23,MAYURUNIQ,EQ,412.35,413.95,422.95,405.0,421.0,418.6,415.15,87790,3644607679999.9995,1943,60490,0.6890000000000001
2017-10-24,MAYURUNIQ,EQ,418.6,420.9,439.7,417.0,432.9,432.9,430.68,221451,9537464260000.0,5274,94897,0.42850000000000005
2017-10-25,MAYURUNIQ,EQ,432.9,439.9,439.95,428.0,436.0,434.9,432.9,100576,4353916925000.0,1962,76416,0.7598
2017-10-26,MAYURUNIQ,EQ,434.9,435.2,442.05,431.65,440.0,439.55,437.2,80193,3506060275000.0,2263,50706,0.6323
2017-10-27,MAYURUNIQ,EQ,439.55,439.9,449.55,425.0,426.9,430.0,439.85,92768,4080355185000.0,3333,67092,0.7232
2017-10-30,MAYURUNIQ,EQ,430.0,430.05,435.0,428.05,431.0,430.95,431.02,34718,1496431175000.0,1242,21090,0.6075
2017-10-31,MAYURUNIQ,EQ,430.95,430.0,454.6,426.3,452.0,450.35,444.21,182979,8128064220000.0,3332,141685,0.7743000000000001
2017-11-01,MAYURUNIQ,EQ,450.35,456.4,465.1,441.4,450.0,452.05,459.54,389568,17902232540000.0,3836,308021,0.7907
2017-11-02,MAYURUNIQ,EQ,452.05,459.9,464.0,454.0,455.05,455.25,455.93,84248,3841108340000.0,2316,57137,0.6781999999999999
2017-11-03,MAYURUNIQ,EQ,455.25,455.0,462.75,451.55,460.5,460.15,458.85,68641,3149595510000.0,2442,45103,0.6570999999999999
2017-11-06,MAYURUNIQ,EQ,460.15,451.15,478.45,451.15,475.0,475.15,472.05,154521,7294153920000.0,3118,100766,0.6520999999999999
2017-11-07,MAYURUNIQ,EQ,475.15,479.4,479.4,466.0,470.0,470.1,470.99,83547,3934966229999.9995,2453,51115,0.6118
2017-11-08,MAYURUNIQ,EQ,470.1,475.8,475.8,462.95,464.0,465.0,468.19,215833,10105144195000.0,2214,195570,0.9061
2017-11-09,MAYURUNIQ,EQ,465.0,460.0,466.9,449.05,450.0,458.65,459.85,110208,5067928680000.0,4952,84582,0.7675000000000001
2017-11-10,MAYURUNIQ,EQ,458.65,459.0,459.0,441.0,447.7,443.25,449.52,21387,961388975000.0,880,14160,0.6620999999999999
2017-11-13,MAYURUNIQ,EQ,443.25,448.0,461.95,436.45,452.5,450.85,451.82,45646,2062376780000.0,1923,24542,0.5377000000000001
2017-11-14,MAYURUNIQ,EQ,450.85,453.7,463.0,451.1,461.0,459.9,456.2,41223,1880609685000.0002,903,30357,0.7364
2017-11-15,MAYURUNIQ,EQ,459.9,464.9,464.95,442.0,452.0,447.4,452.77,43012,1947471670000.0,1147,30301,0.7045
2017-11-16,MAYURUNIQ,EQ,447.4,448.0,471.95,448.0,469.0,463.6,459.21,42350,1944769545000.0,1147,28441,0.6716
2017-11-17,MAYURUNIQ,EQ,463.6,474.0,474.0,453.05,455.2,456.55,463.29,31012,1436769560000.0,1475,17468,0.5633
2017-11-20,MAYURUNIQ,EQ,456.55,470.0,484.85,470.0,475.8,475.25,476.98,267164,12743147950000.0,7797,93339,0.3494
2017-11-21,MAYURUNIQ,EQ,475.25,484.8,488.0,466.55,471.2,472.2,476.83,74140,3535212554999.9995,2021,37952,0.5119
2017-11-22,MAYURUNIQ,EQ,472.2,476.15,479.45,456.0,464.0,460.45,466.45,59477,2774277285000.0,1499,33671,0.5661
2017-11-23,MAYURUNIQ,EQ,460.45,460.0,467.0,455.55,456.0,456.3,459.61,45494,2090947070000.0,1332,24253,0.5331
2017-11-24,MAYURUNIQ,EQ,456.3,455.0,461.0,452.25,454.15,455.55,458.07,96942,4440577165000.0,2878,63001,0.6498999999999999
2017-11-27,MAYURUNIQ,EQ,455.55,455.55,465.0,451.0,458.0,458.1,458.95,46185,2119682864999.9998,2205,36089,0.7814
2017-11-28,MAYURUNIQ,EQ,458.1,465.0,465.0,452.2,460.0,459.65,459.07,45318,2080433405000.0,1111,32381,0.7145
2017-11-29,MAYURUNIQ,EQ,459.65,456.0,460.0,453.4,456.95,456.05,457.2,31894,1458209465000.0,754,21608,0.6775
2017-11-30,MAYURUNIQ,EQ,456.05,457.85,459.6,448.9,459.5,456.35,455.65,25368,1155884785000.0,1752,19413,0.7653
2017-12-01,MAYURUNIQ,EQ,456.35,464.0,468.9,458.0,462.1,461.9,463.64,72233,3348997685000.0,4863,51009,0.7062
2017-12-04,MAYURUNIQ,EQ,461.9,465.15,482.9,458.05,478.1,480.15,467.79,207614,9711875120000.0,4575,141601,0.682
2017-12-05,MAYURUNIQ,EQ,480.15,486.5,503.5,481.5,496.05,500.0,495.19,151659,7510024275000.0,7792,75987,0.501
2017-12-06,MAYURUNIQ,EQ,500.0,500.0,503.0,482.0,485.0,485.55,496.89,221628,11012440095000.0,2692,195586,0.8825000000000001
2017-12-07,MAYURUNIQ,EQ,485.55,488.0,497.3,476.2,495.0,494.5,488.93,58003,2835939005000.0,2868,33578,0.5789
2017-12-08,MAYURUNIQ,EQ,494.5,494.05,516.35,490.0,500.15,503.9,506.79,150015,7602683980000.0,4927,58404,0.3893
2017-12-11,MAYURUNIQ,EQ,503.9,503.9,517.4,501.25,510.7,512.7,510.41,138688,7078711334999.999,2051,116257,0.8383
2017-12-12,MAYURUNIQ,EQ,512.7,516.0,516.0,505.0,507.75,509.0,510.31,32048,1635453855000.0,1479,20734,0.647
2017-12-13,MAYURUNIQ,EQ,509.0,501.5,513.0,495.05,496.25,498.45,504.92,29602,1494651730000.0,1379,18165,0.6136
2017-12-14,MAYURUNIQ,EQ,498.45,513.1,513.1,490.3,494.0,496.3,496.42,71174,3533199854999.9995,5507,45167,0.6346
2017-12-15,MAYURUNIQ,EQ,496.3,499.1,508.0,494.05,495.0,498.2,500.87,26016,1303067940000.0,940,17677,0.6795
2017-12-18,MAYURUNIQ,EQ,498.2,499.8,509.5,481.1,502.8,500.2,499.89,29596,1479469615000.0,1188,13793,0.466
2017-12-19,MAYURUNIQ,EQ,500.2,496.5,509.5,496.5,507.0,506.95,504.16,38115,1921608610000.0002,1153,26466,0.6944
2017-12-20,MAYURUNIQ,EQ,506.95,510.0,510.0,499.1,499.1,502.2,504.26,45022,2270270405000.0,1304,30933,0.6870999999999999
2017-12-21,MAYURUNIQ,EQ,502.2,500.0,509.9,496.0,509.5,509.15,504.86,33166,1674430385000.0,661,27142,0.8184
2017-12-22,MAYURUNIQ,EQ,509.15,510.0,529.3,506.5,510.0,514.05,520.39,83357,4337829054999.9995,2465,35820,0.42969999999999997
2017-12-26,MAYURUNIQ,EQ,514.05,518.95,519.75,506.0,508.2,512.7,515.11,23914,1231825625000.0,917,14274,0.5969
2017-12-27,MAYURUNIQ,EQ,512.7,514.05,520.05,510.05,511.15,512.45,515.54,31542,1626112150000.0,1471,24958,0.7913
2017-12-28,MAYURUNIQ,EQ,512.45,512.0,514.9,504.0,504.0,505.7,510.9,20294,1036815075000.0,1019,12719,0.6267
2017-12-29,MAYURUNIQ,EQ,505.7,507.0,520.0,507.0,515.0,515.75,515.83,32343,1668360240000.0,1084,23721,0.7334
2018-01-01,MAYURUNIQ,EQ,515.75,515.6,515.6,493.0,495.0,495.65,501.33,37754,1892706939999.9998,1657,21042,0.5573
2018-01-02,MAYURUNIQ,EQ,495.65,495.0,506.0,493.3,505.9,503.6,499.4,43393,2167058414999.9998,1104,28382,0.6541
2018-01-03,MAYURUNIQ,EQ,503.6,504.9,519.0,503.7,515.25,514.95,515.32,67544,3480706350000.0,1813,47183,0.6986
2018-01-04,MAYURUNIQ,EQ,514.95,519.85,520.0,502.6,505.0,505.75,513.12,22887,1174369210000.0,691,17646,0.7709999999999999
2018-01-05,MAYURUNIQ,EQ,505.75,516.95,528.55,500.0,525.0,525.35,520.75,66293,3452186085000.0,2960,45889,0.6922
2018-01-08,MAYURUNIQ,EQ,525.35,525.35,544.0,524.9,540.0,536.6,535.63,87517,4687707695000.0,2478,63544,0.7261
2018-01-09,MAYURUNIQ,EQ,536.6,533.2,542.75,521.25,527.8,525.25,538.8,192350,10363893570000.0,1160,178520,0.9281
2018-01-10,MAYURUNIQ,EQ,525.25,527.8,536.0,525.0,536.0,533.1,531.05,36475,1937010214999.9998,1866,24096,0.6606000000000001
2018-01-11,MAYURUNIQ,EQ,533.1,534.75,550.9,529.95,534.8,535.35,539.81,51103,2758568035000.0,2006,34305,0.6713
2018-01-12,MAYURUNIQ,EQ,535.35,539.1,555.0,539.0,554.0,552.85,549.62,218232,11994369185000.0,13797,183978,0.843
2018-01-15,MAYURUNIQ,EQ,552.85,554.9,569.95,540.2,554.5,556.0,559.93,56064,3139189245000.0,1680,36779,0.6559999999999999
2018-01-16,MAYURUNIQ,EQ,556.0,561.2,561.2,530.15,533.7,533.6,544.14,28770,1565488340000.0,1749,18710,0.6503
2018-01-17,MAYURUNIQ,EQ,533.6,533.9,536.0,520.1,527.35,527.85,527.14,43837,2310816115000.0,3454,30305,0.6912999999999999
2018-01-18,MAYURUNIQ,EQ,527.85,529.1,535.25,523.0,525.0,525.2,529.05,33810,1788721295000.0,1348,25610,0.7575000000000001
2018-01-19,MAYURUNIQ,EQ,525.2,525.0,525.0,511.7,515.4,517.6,518.76,20634,1070403005000.0001,1149,13579,0.6581
2018-01-22,MAYURUNIQ,EQ,517.6,517.6,534.95,515.0,533.0,527.2,525.46,16031,842360100000.0,739,10282,0.6414
2018-01-23,MAYURUNIQ,EQ,527.2,527.2,558.0,527.2,554.95,550.5,546.07,72460,3956813904999.9995,3891,40323,0.5565
2018-01-24,MAYURUNIQ,EQ,550.5,550.55,550.55,528.1,529.0,531.85,534.74,26523,1418280625000.0,1529,14928,0.5628000000000001
2018-01-25,MAYURUNIQ,EQ,531.85,527.0,531.35,517.55,520.0,519.25,524.1,35956,1884464200000.0,1482,29045,0.8078000000000001
2018-01-29,MAYURUNIQ,EQ,519.25,519.0,527.5,505.0,505.15,511.3,515.34,21407,1103177835000.0,2454,18384,0.8588
2018-01-30,MAYURUNIQ,EQ,511.3,511.25,516.0,501.1,507.5,506.2,507.88,21487,1091271605000.0001,1419,14009,0.652
2018-01-31,MAYURUNIQ,EQ,506.2,502.05,504.95,491.55,493.2,493.05,498.79,42314,2110595060000.0002,1246,25959,0.6135
2018-02-01,MAYURUNIQ,EQ,493.05,490.55,514.95,490.55,504.0,502.75,503.0,18170,913942840000.0,916,12214,0.6722
2018-02-02,MAYURUNIQ,EQ,502.75,503.0,505.0,470.1,492.3,477.3,497.4,60050,2986885860000.0,1165,49993,0.8325
2018-02-05,MAYURUNIQ,EQ,477.3,456.0,486.45,450.0,474.5,479.0,465.63,25855,1203890640000.0,1424,14606,0.5649000000000001
2018-02-06,MAYURUNIQ,EQ,479.0,451.0,476.0,442.1,475.0,467.5,459.35,33482,1538008665000.0,2503,21572,0.6443000000000001
2018-02-07,MAYURUNIQ,EQ,467.5,475.0,496.0,475.0,491.1,489.7,488.97,21452,1048929690000.0,1365,14732,0.6867
2018-02-08,MAYURUNIQ,EQ,489.7,493.0,503.0,481.25,492.0,499.4,495.81,13039,646484655000.0,796,7445,0.5710000000000001
2018-02-09,MAYURUNIQ,EQ,499.4,477.1,505.0,477.1,492.8,497.25,495.31,9212,456278425000.0,620,4994,0.5421
2018-02-12,MAYURUNIQ,EQ,497.25,503.95,520.0,498.8,502.1,511.2,509.36,10699,544958970000.0,621,7243,0.677
2018-02-14,MAYURUNIQ,EQ,511.2,513.0,517.45,500.0,500.0,501.8,505.52,10506,531098180000.0,580,6312,0.6008
2018-02-15,MAYURUNIQ,EQ,501.8,510.0,516.95,497.5,515.0,513.35,506.86,18217,923347219999.9999,1074,11643,0.6391
2018-02-16,MAYURUNIQ,EQ,513.35,518.0,518.0,505.0,505.35,506.7,506.7,6616,335234175000.0,1080,4165,0.6295000000000001
2018-02-19,MAYURUNIQ,EQ,506.7,502.05,511.0,500.0,511.0,509.55,505.69,10895,550952310000.0,619,8430,0.7737
2018-02-20,MAYURUNIQ,EQ,509.55,505.5,512.95,492.4,495.05,506.75,503.09,11966,601999770000.0,1340,6341,0.5299
2018-02-21,MAYURUNIQ,EQ,506.75,505.85,515.95,496.0,506.5,506.45,507.43,14751,748515180000.0,747,7760,0.5261
2018-02-22,MAYURUNIQ,EQ,506.45,505.0,515.0,498.0,510.0,509.7,504.4,16242,819246845000.0,1172,10253,0.6313000000000001
2018-02-23,MAYURUNIQ,EQ,509.7,509.75,519.0,502.1,503.1,505.2,509.8,179345,9143088815000.0,1255,157921,0.8805
2018-02-26,MAYURUNIQ,EQ,505.2,508.05,513.9,505.0,510.0,509.95,510.01,22586,1151915510000.0,2303,19516,0.8641
2018-02-27,MAYURUNIQ,EQ,509.95,509.05,517.45,505.95,511.7,509.2,512.38,22007,1127589755000.0,717,10705,0.4864
2018-02-28,MAYURUNIQ,EQ,509.2,503.05,511.95,502.0,510.0,510.05,509.38,9759,497099895000.0,1061,6837,0.7006
2018-03-01,MAYURUNIQ,EQ,510.05,510.15,514.95,510.0,510.0,510.0,510.22,10409,531090915000.00006,675,9151,0.8791
2018-03-05,MAYURUNIQ,EQ,510.0,510.0,513.9,500.15,505.0,505.7,506.05,27655,1399491620000.0,1692,21156,0.765
2018-03-06,MAYURUNIQ,EQ,505.7,508.1,508.15,500.0,500.0,500.0,503.01,9844,495160245000.0,285,8146,0.8275
2018-03-07,MAYURUNIQ,EQ,500.0,495.0,503.4,486.05,502.1,498.05,495.57,22135,1096939125000.0,979,14571,0.6583
2018-03-08,MAYURUNIQ,EQ,498.05,498.05,520.0,496.6,516.4,517.0,509.45,502548,25602230020000.0,1978,460092,0.9155
2018-03-09,MAYURUNIQ,EQ,517.0,526.0,534.4,517.6,519.0,519.4,525.57,43202,2270562850000.0,2070,17974,0.41600000000000004
2018-03-12,MAYURUNIQ,EQ,519.4,524.0,524.0,508.05,511.05,513.4,514.42,16063,826319385000.0,921,8195,0.5102
2018-03-13,MAYURUNIQ,EQ,513.4,515.0,527.85,505.5,509.25,508.85,512.99,19101,979856894999.9999,1019,6893,0.36090000000000005
2018-03-14,MAYURUNIQ,EQ,508.85,505.15,513.95,500.0,500.0,501.75,503.92,13101,660189805000.0,798,7128,0.5441
2018-03-15,MAYURUNIQ,EQ,501.75,500.4,502.85,494.0,496.0,496.2,499.01,15030,750018310000.0,660,10438,0.6945
2018-03-16,MAYURUNIQ,EQ,496.2,496.05,500.0,492.0,498.0,496.45,497.86,6538,325499265000.0,260,4801,0.7343000000000001
2018-03-19,MAYURUNIQ,EQ,496.45,497.1,499.05,486.2,490.0,487.8,491.46,5789,284504040000.0,424,3942,0.6809000000000001
2018-03-20,MAYURUNIQ,EQ,487.8,485.0,488.35,468.05,473.0,472.65,479.27,12747,610930590000.0,836,7519,0.5899
2018-03-21,MAYURUNIQ,EQ,472.65,482.8,482.8,465.0,465.0,465.15,468.9,15642,733452100000.0,847,8477,0.5418999999999999
2018-03-22,MAYURUNIQ,EQ,465.15,465.0,469.8,465.0,465.1,466.15,465.54,14578,678666880000.0,425,11306,0.7756000000000001
2018-03-23,MAYURUNIQ,EQ,466.15,460.0,470.95,460.0,460.6,460.7,463.81,16277,754943180000.0,491,12410,0.7624
2018-03-26,MAYURUNIQ,EQ,460.7,465.8,470.0,445.3,470.0,465.6,458.86,10072,462165495000.0,852,5753,0.5712
2018-03-27,MAYURUNIQ,EQ,465.6,467.25,484.9,466.05,477.0,475.75,475.49,5268,250486095000.00003,389,3413,0.6479
2018-03-28,MAYURUNIQ,EQ,475.75,470.1,484.05,470.0,475.0,474.8,475.8,6156,292901090000.0,362,4825,0.7837999999999999
2018-04-02,MAYURUNIQ,EQ,474.8,475.0,488.9,470.15,488.9,481.7,479.14,8545,409425325000.0,571,4661,0.5455
2018-04-03,MAYURUNIQ,EQ,481.7,482.05,492.7,481.9,483.0,486.55,488.09,4613,225154900000.0,488,2363,0.5122
2018-04-04,MAYURUNIQ,EQ,486.55,487.0,498.9,483.1,497.9,495.75,493.4,12074,595733620000.0,1462,9577,0.7931999999999999
2018-04-05,MAYURUNIQ,EQ,495.75,497.05,501.0,490.5,494.5,495.05,499.27,23467,1171643705000.0,1313,20056,0.8545999999999999
2018-04-06,MAYURUNIQ,EQ,495.05,490.0,496.0,489.95,492.05,494.05,493.6,2453,121079580000.0,182,1636,0.6668999999999999
2018-04-09,MAYURUNIQ,EQ,494.05,500.05,500.05,487.1,495.0,496.8,493.36,6682,329664840000.0,789,2989,0.4473
2018-04-10,MAYURUNIQ,EQ,496.8,490.15,497.05,490.0,490.1,492.6,492.81,4397,216689445000.00003,469,2074,0.4717
2018-04-11,MAYURUNIQ,EQ,492.6,493.05,496.1,488.0,490.45,490.95,490.04,2739,134221085000.00002,203,1481,0.5407000000000001
2018-04-12,MAYURUNIQ,EQ,490.95,490.45,493.75,482.0,483.2,483.7,487.07,4107,200037795000.0,371,2589,0.6304
2018-04-13,MAYURUNIQ,EQ,483.7,487.35,487.5,480.05,480.05,480.85,482.23,2649,127741985000.00002,277,1655,0.6248
2018-04-16,MAYURUNIQ,EQ,480.85,482.0,482.0,472.45,472.7,474.25,477.4,5274,251778125000.0,354,3911,0.7415999999999999
2018-04-17,MAYURUNIQ,EQ,474.25,481.9,481.9,474.05,477.0,477.0,477.19,5057,241317479999.99997,288,4044,0.7997
2018-04-18,MAYURUNIQ,EQ,477.0,477.75,489.0,473.1,477.5,480.8,483.24,6719,324687645000.0,438,4555,0.6779000000000001
2018-04-19,MAYURUNIQ,EQ,480.8,488.85,488.85,471.15,474.0,474.5,474.82,8878,421547434999.99994,463,5496,0.6191
2018-04-20,MAYURUNIQ,EQ,474.5,475.05,475.05,462.6,470.0,465.45,466.83,9793,457165125000.0,1036,5915,0.604
2018-04-23,MAYURUNIQ,EQ,465.45,468.95,492.95,466.0,489.2,489.2,479.32,9176,439821550000.0,561,6364,0.6935
2018-04-24,MAYURUNIQ,EQ,489.2,485.05,504.2,480.1,495.0,495.25,495.76,17226,853996205000.0001,734,11321,0.6572
2018-04-25,MAYURUNIQ,EQ,495.25,494.9,500.05,491.5,499.9,498.2,499.85,145656,7280561120000.0,703,141510,0.9715
2018-04-26,MAYURUNIQ,EQ,498.2,505.0,506.2,494.1,500.0,499.95,499.93,84837,4241286900000.0,813,80451,0.9483
2018-04-27,MAYURUNIQ,EQ,499.95,492.5,511.0,492.5,504.0,502.1,503.66,87623,4413246330000.0,1570,58209,0.6643000000000001
2018-04-30,MAYURUNIQ,EQ,502.1,505.05,513.0,493.15,497.0,496.85,502.56,32058,1611119625000.0,1659,20055,0.6256
2018-05-02,MAYURUNIQ,EQ,496.85,505.0,505.0,475.0,482.0,480.8,484.67,23805,1153764215000.0,1311,14348,0.6027
2018-05-03,MAYURUNIQ,EQ,480.8,479.0,489.0,468.2,468.25,469.65,474.47,33516,1590243040000.0,1218,26783,0.7991
2018-05-04,MAYURUNIQ,EQ,469.65,482.9,482.9,465.0,471.0,471.85,469.98,9407,442112075000.0,548,4796,0.5098
2018-05-07,MAYURUNIQ,EQ,471.85,483.95,484.75,472.1,472.1,474.65,477.92,7237,345873020000.0,462,4746,0.6558
2018-05-08,MAYURUNIQ,EQ,474.65,477.9,478.9,471.0,471.0,471.5,473.4,5241,248108550000.0,282,3724,0.7106
2018-05-09,MAYURUNIQ,EQ,471.5,477.95,486.75,473.0,485.95,483.0,475.61,26834,1276265005000.0,420,22751,0.8478
2018-05-10,MAYURUNIQ,EQ,483.0,487.75,487.8,474.0,475.0,475.2,476.18,8590,409037925000.0,487,6626,0.7714
2018-05-11,MAYURUNIQ,EQ,475.2,479.05,480.0,472.0,474.75,475.35,475.89,11481,546372875000.0,573,8915,0.7765000000000001
2018-05-14,MAYURUNIQ,EQ,475.35,480.0,482.9,472.05,475.0,475.7,475.38,8748,415858135000.0,432,5806,0.6637000000000001
2018-05-15,MAYURUNIQ,EQ,475.7,474.95,484.6,472.0,475.0,475.1,478.36,9913,474198065000.00006,422,6521,0.6578
2018-05-16,MAYURUNIQ,EQ,475.1,476.15,483.5,465.0,481.5,480.15,473.42,19047,901727625000.0,842,15170,0.7965000000000001
2018-05-17,MAYURUNIQ,EQ,480.15,480.95,483.25,478.25,480.1,479.5,480.65,2794,134292605000.0,109,2393,0.8565
2018-05-18,MAYURUNIQ,EQ,479.5,480.0,482.35,473.1,475.0,475.0,475.34,5502,261532495000.00003,336,4159,0.7559
2018-05-21,MAYURUNIQ,EQ,475.0,466.0,484.0,460.4,465.0,467.95,465.88,9905,461450595000.0,571,6128,0.6187
2018-05-22,MAYURUNIQ,EQ,467.95,467.95,481.95,465.05,476.25,480.5,473.93,6145,291228570000.0,522,4266,0.6942
2018-05-23,MAYURUNIQ,EQ,480.5,480.4,484.65,466.1,470.0,470.05,471.36,6527,307658460000.0,484,4092,0.6269
2018-05-24,MAYURUNIQ,EQ,470.05,472.3,477.9,466.1,472.0,472.15,470.76,5334,251102535000.0,466,3720,0.6973999999999999
2018-05-25,MAYURUNIQ,EQ,472.15,472.5,474.05,468.5,470.05,470.5,471.31,10888,513160980000.0,673,9576,0.8795000000000001
2018-05-28,MAYURUNIQ,EQ,470.5,457.35,486.45,457.35,477.25,479.55,476.7,8898,424171825000.0,1301,7065,0.794
2018-05-29,MAYURUNIQ,EQ,479.55,475.55,479.95,470.05,470.05,474.8,474.74,1859,88253270000.0,153,1478,0.7951
2018-05-30,MAYURUNIQ,EQ,474.8,468.05,475.05,465.0,466.35,469.7,473.01,12280,580856670000.0,547,10948,0.8915000000000001
2018-05-31,MAYURUNIQ,EQ,469.7,475.0,476.05,462.0,469.0,466.05,466.98,10024,468103680000.0,774,5901,0.5887
2018-06-01,MAYURUNIQ,EQ,466.05,465.9,472.0,461.2,463.0,465.7,465.76,4757,221563595000.00003,393,3212,0.6752
2018-06-04,MAYURUNIQ,EQ,465.7,465.0,468.0,439.5,441.0,441.7,451.83,18285,826170305000.0,939,12121,0.6629
2018-06-05,MAYURUNIQ,EQ,441.7,448.0,450.05,422.05,423.5,425.95,432.27,13840,598266825000.0,929,9159,0.6618
2018-06-06,MAYURUNIQ,EQ,425.95,429.95,439.9,423.6,439.0,438.9,435.11,10116,440160630000.0,363,6716,0.6639
2018-06-07,MAYURUNIQ,EQ,438.9,448.0,450.0,435.0,435.3,435.45,439.85,15194,668306140000.0,471,11909,0.7837999999999999
2018-06-08,MAYURUNIQ,EQ,435.45,436.7,438.85,425.0,437.9,429.3,431.76,11288,487374550000.0,578,8126,0.7199
2018-06-11,MAYURUNIQ,EQ,429.3,434.9,442.8,434.9,437.95,436.8,440.02,12822,564198155000.0,498,8161,0.6365
2018-06-12,MAYURUNIQ,EQ,436.8,439.5,446.55,439.5,446.5,445.25,443.66,8969,397916670000.0,272,6757,0.7534000000000001
2018-06-13,MAYURUNIQ,EQ,445.25,446.0,448.35,441.05,446.25,444.95,445.23,4326,192604895000.0,204,2911,0.6729
2018-06-14,MAYURUNIQ,EQ,444.95,430.0,447.5,430.0,445.0,443.75,441.7,7318,323238375000.0,349,4407,0.6022
2018-06-15,MAYURUNIQ,EQ,443.75,443.75,448.75,441.05,447.0,446.35,445.11,6310,280865915000.0,252,4862,0.7705
2018-06-18,MAYURUNIQ,EQ,446.35,450.0,450.0,446.6,447.05,447.85,447.66,4574,204759940000.0,216,3136,0.6856
2018-06-19,MAYURUNIQ,EQ,447.85,448.05,450.0,443.4,449.5,447.85,446.28,3925,175164040000.0,187,2664,0.6787000000000001
2018-06-20,MAYURUNIQ,EQ,447.85,449.95,450.0,440.0,440.0,441.45,443.88,2654,117805320000.0,214,1412,0.532
2018-06-21,MAYURUNIQ,EQ,441.45,442.25,444.9,431.3,431.3,431.75,433.45,8988,389582315000.0,431,5749,0.6396000000000001
2018-06-22,MAYURUNIQ,EQ,431.75,431.75,432.55,422.5,425.75,424.05,425.39,7211,306747040000.0,358,5030,0.6975
2018-06-25,MAYURUNIQ,EQ,424.05,424.65,433.9,420.0,420.0,420.85,424.81,7848,333394175000.0,1266,5440,0.6931999999999999
2018-06-26,MAYURUNIQ,EQ,420.85,420.0,428.45,416.1,428.4,426.0,420.54,3788,159300605000.0,363,2131,0.5626
2018-06-27,MAYURUNIQ,EQ,426.0,425.65,428.4,411.1,417.6,416.55,419.82,34511,1448851600000.0,366,33295,0.9648000000000001
2018-06-28,MAYURUNIQ,EQ,416.55,419.9,419.9,410.0,417.1,412.4,412.38,9645,397738820000.0,760,6738,0.6986
2018-06-29,MAYURUNIQ,EQ,412.4,412.0,424.6,412.0,420.4,419.95,419.15,9958,417388545000.0,629,6401,0.6428
2018-07-02,MAYURUNIQ,EQ,419.95,420.9,426.95,418.1,422.0,424.95,423.97,4904,207915340000.0,338,3605,0.7351000000000001
2018-07-03,MAYURUNIQ,EQ,424.95,425.0,428.4,412.65,420.0,419.2,419.55,13797,578847930000.0,622,11861,0.8597
2018-07-04,MAYURUNIQ,EQ,419.2,418.5,418.55,405.0,407.1,405.45,408.68,39414,1610753010000.0,2751,29135,0.7392000000000001
2018-07-05,MAYURUNIQ,EQ,405.45,407.2,419.45,394.0,397.2,399.8,399.13,25178,1004920915000.0,1769,14037,0.5575
2018-07-06,MAYURUNIQ,EQ,399.8,404.4,407.9,400.15,407.0,406.05,405.15,35474,1437244605000.0,977,32747,0.9231
2018-07-09,MAYURUNIQ,EQ,406.05,412.0,413.5,406.0,406.55,407.35,408.62,13238,540930159999.99994,715,10016,0.7565999999999999
2018-07-10,MAYURUNIQ,EQ,407.35,408.0,415.0,402.5,403.7,403.25,408.2,15756,643158175000.0,485,12206,0.7747
2018-07-11,MAYURUNIQ,EQ,403.25,403.3,416.4,403.25,405.0,406.05,412.52,26711,1101894780000.0,679,21321,0.7981999999999999
2018-07-12,MAYURUNIQ,EQ,406.05,413.9,415.0,405.1,413.9,411.4,412.16,17842,735379815000.0,763,11211,0.6283
2018-07-13,MAYURUNIQ,EQ,411.4,410.05,412.9,406.0,406.5,406.5,409.31,8639,353600540000.0,249,6809,0.7881999999999999
2018-07-16,MAYURUNIQ,EQ,406.5,406.5,412.45,394.0,394.0,395.85,402.69,10321,415614210000.0,442,8453,0.8190000000000001
2018-07-17,MAYURUNIQ,EQ,395.85,395.0,404.8,391.0,391.0,393.05,395.5,12730,503469805000.0,531,9744,0.7654000000000001
2018-07-18,MAYURUNIQ,EQ,393.05,393.1,404.05,393.05,395.0,394.5,397.06,10629,422030684999.99994,464,7915,0.7447
2018-07-19,MAYURUNIQ,EQ,394.5,396.85,399.95,388.0,389.0,389.25,394.7,16701,659192575000.0,326,15629,0.9358
2018-07-20,MAYURUNIQ,EQ,389.25,390.05,395.95,388.6,394.65,392.05,393.36,6404,251909454999.99997,413,4674,0.7299
2018-07-23,MAYURUNIQ,EQ,392.05,404.4,404.4,392.0,392.6,394.15,395.24,7088,280147560000.0,328,5769,0.8139000000000001
2018-07-24,MAYURUNIQ,EQ,394.15,394.15,405.0,393.45,398.0,401.75,400.81,11906,477205950000.0,768,8117,0.6818000000000001
2018-07-25,MAYURUNIQ,EQ,401.75,404.95,405.0,398.0,405.0,404.05,402.09,14501,583064685000.0,396,11501,0.7931
2018-07-26,MAYURUNIQ,EQ,404.05,404.05,417.4,404.0,409.9,413.35,413.15,14755,609605390000.0,408,12959,0.8783
2018-07-27,MAYURUNIQ,EQ,413.35,413.2,420.7,410.0,420.0,419.8,417.95,21239,887683740000.0,683,13557,0.6383
2018-07-30,MAYURUNIQ,EQ,419.8,419.95,429.9,419.95,425.0,426.65,425.31,20157,857289119999.9999,622,11471,0.5690999999999999
2018-07-31,MAYURUNIQ,EQ,426.65,427.0,428.95,418.0,425.6,427.3,426.16,7317,311823265000.0,524,4134,0.5650000000000001
2018-08-01,MAYURUNIQ,EQ,427.3,428.0,434.9,427.3,433.0,432.2,430.98,7442,320737505000.0,469,4010,0.5388000000000001
2018-08-02,MAYURUNIQ,EQ,432.2,431.45,431.45,415.55,421.9,420.85,420.24,5757,241931595000.00003,538,2476,0.4301
2018-08-03,MAYURUNIQ,EQ,420.85,422.0,432.0,419.0,421.25,424.75,425.28,8377,356253560000.0,427,5716,0.6823
2018-08-06,MAYURUNIQ,EQ,424.75,428.3,428.3,407.8,421.45,422.05,420.05,11313,475200540000.00006,665,6454,0.5705
2018-08-07,MAYURUNIQ,EQ,422.05,428.3,428.3,418.0,423.2,419.55,421.37,10453,440458220000.0,905,5845,0.5592
2018-08-08,MAYURUNIQ,EQ,419.55,419.5,420.0,416.1,420.0,420.0,418.65,4462,186799425000.0,178,3610,0.8090999999999999
2018-08-09,MAYURUNIQ,EQ,420.0,420.1,420.1,415.65,420.0,419.7,418.36,2121,88733785000.0,155,1248,0.5884
2018-08-10,MAYURUNIQ,EQ,419.7,415.55,419.45,411.55,416.8,414.55,416.31,6098,253864995000.00003,360,3989,0.6541
2018-08-13,MAYURUNIQ,EQ,414.55,420.75,420.75,400.5,403.5,408.6,413.97,8881,367647420000.0,528,5669,0.6383
2018-08-14,MAYURUNIQ,EQ,408.6,405.0,418.6,402.05,407.2,410.25,410.73,7676,315276215000.0,500,4721,0.615
2018-08-16,MAYURUNIQ,EQ,410.25,417.95,417.95,396.05,397.3,399.0,403.86,16586,669842330000.0,914,11582,0.6983
2018-08-17,MAYURUNIQ,EQ,399.0,404.9,405.45,398.5,399.5,400.15,402.57,8288,333647605000.0,587,4495,0.5424
2018-08-20,MAYURUNIQ,EQ,400.15,402.25,406.0,400.3,401.0,401.5,403.3,17081,688875605000.0,606,10504,0.615
2018-08-21,MAYURUNIQ,EQ,401.5,401.85,419.95,401.0,416.55,417.0,414.79,28528,1183300985000.0,1057,21179,0.7424
2018-08-23,MAYURUNIQ,EQ,417.0,417.0,428.2,417.0,419.9,420.0,422.59,21847,923243255000.0001,951,13004,0.5952000000000001
2018-08-24,MAYURUNIQ,EQ,420.0,420.5,422.0,406.6,411.9,410.4,417.06,7193,299991800000.0,585,4879,0.6783
2018-08-27,MAYURUNIQ,EQ,410.4,419.9,419.9,399.0,399.0,399.8,404.12,28522,1152620780000.0,2269,21684,0.7603
2018-08-28,MAYURUNIQ,EQ,399.8,400.0,409.8,396.6,397.0,398.25,401.49,26726,1073029590000.0,1756,17615,0.6591
2018-08-29,MAYURUNIQ,EQ,398.25,400.0,402.15,395.0,396.25,396.45,398.82,18346,731684240000.0,736,13477,0.7345999999999999
2018-08-30,MAYURUNIQ,EQ,396.45,399.8,406.4,393.05,400.0,399.6,397.9,12704,505494220000.0,838,7763,0.6111
2018-08-31,MAYURUNIQ,EQ,399.6,400.05,402.0,395.0,397.45,396.0,397.23,8209,326085565000.0,549,6227,0.7586
2018-09-03,MAYURUNIQ,EQ,396.0,398.0,400.05,395.0,396.05,398.55,398.84,52912,2110325795000.0,1429,44483,0.8407
2018-09-04,MAYURUNIQ,EQ,398.55,399.05,400.05,395.25,399.0,398.65,399.64,61619,2462516540000.0,3162,56298,0.9136
2018-09-05,MAYURUNIQ,EQ,398.65,398.7,399.75,392.25,393.0,394.85,395.49,14205,561792010000.0,448,11384,0.8014
2018-09-06,MAYURUNIQ,EQ,394.85,395.0,395.45,393.1,394.9,394.05,394.78,26216,1034947080000.0001,1000,20959,0.7995000000000001
2018-09-07,MAYURUNIQ,EQ,394.05,395.95,395.95,393.0,395.0,394.95,394.84,11120,439066125000.0,386,9594,0.8628
2018-09-10,MAYURUNIQ,EQ,394.95,395.0,397.9,393.0,395.0,394.9,394.81,22367,883070219999.9999,1086,19842,0.8871
2018-09-11,MAYURUNIQ,EQ,394.9,394.9,395.0,390.0,390.25,390.55,391.96,10002,392034235000.0,470,6775,0.6774
2018-09-12,MAYURUNIQ,EQ,390.55,390.05,392.05,381.05,388.8,387.7,386.65,18775,725936890000.0,926,13057,0.6954000000000001
2018-09-14,MAYURUNIQ,EQ,387.7,390.75,390.75,386.0,388.95,388.4,388.66,10916,424258305000.0,385,9465,0.8671
2018-09-17,MAYURUNIQ,EQ,388.4,389.0,390.0,386.3,389.0,387.8,388.28,13154,510745955000.0,512,10794,0.8206
2018-09-18,MAYURUNIQ,EQ,387.8,386.0,390.0,376.1,376.2,379.5,384.14,12452,478324905000.0,1403,9245,0.7425
2018-09-19,MAYURUNIQ,EQ,379.5,380.0,385.0,378.0,378.0,379.15,381.9,13980,533898415000.00006,517,10058,0.7195
2018-09-21,MAYURUNIQ,EQ,379.15,380.0,380.7,367.1,368.25,372.3,376.39,18907,711637150000.0,844,12207,0.6456000000000001
2018-09-24,MAYURUNIQ,EQ,372.3,385.0,385.0,365.6,370.0,371.45,372.88,33983,1267174760000.0,753,27783,0.8176000000000001
2018-09-25,MAYURUNIQ,EQ,371.45,380.0,380.0,362.45,367.0,367.4,368.47,12005,442353440000.00006,420,8452,0.7040000000000001
2018-09-26,MAYURUNIQ,EQ,367.4,365.0,370.0,362.45,368.0,369.75,368.84,22199,818780135000.0,556,19355,0.8719
2018-09-27,MAYURUNIQ,EQ,369.75,366.0,370.0,363.2,369.0,368.3,368.02,23116,850706169999.9999,1092,15567,0.6734
2018-09-28,MAYURUNIQ,EQ,368.3,368.3,370.0,350.3,370.0,368.4,361.86,23640,855431850000.0,1662,11894,0.5031
2018-10-01,MAYURUNIQ,EQ,368.4,373.0,373.0,356.0,359.4,359.35,361.92,18547,671249860000.0,800,12174,0.6564
2018-10-03,MAYURUNIQ,EQ,359.35,363.5,370.0,360.0,363.0,366.0,366.05,16667,610090325000.0,1189,9660,0.5796
2018-10-04,MAYURUNIQ,EQ,366.0,366.0,366.0,360.1,365.0,364.9,364.17,17865,650588300000.0,729,11464,0.6417
2018-10-05,MAYURUNIQ,EQ,364.9,365.0,365.0,352.0,352.0,355.5,359.2,16455,591062715000.0,581,12751,0.7748999999999999
2018-10-08,MAYURUNIQ,EQ,355.5,360.75,400.0,350.0,355.0,355.05,358.83,43903,1575368140000.0,858,23172,0.5278
2018-10-09,MAYURUNIQ,EQ,355.05,357.9,361.85,353.0,358.0,358.35,358.63,17363,622680810000.0,977,10390,0.5984
2018-10-10,MAYURUNIQ,EQ,358.35,362.95,367.15,356.1,357.4,360.4,360.28,34582,1245924405000.0,1942,26042,0.7531
2018-10-11,MAYURUNIQ,EQ,360.4,355.05,362.2,351.0,359.0,359.7,359.33,40358,1450193485000.0,489,35900,0.8895000000000001
2018-10-12,MAYURUNIQ,EQ,359.7,362.55,383.4,360.5,370.75,371.25,365.46,31711,1158903955000.0,797,25876,0.816
2018-10-15,MAYURUNIQ,EQ,371.25,374.2,374.2,368.0,372.0,371.55,370.25,10357,383468665000.0,792,8028,0.7751000000000001
2018-10-16,MAYURUNIQ,EQ,371.55,375.5,379.0,370.15,379.0,378.75,376.47,10004,376621505000.0,335,6917,0.6914
2018-10-17,MAYURUNIQ,EQ,378.75,381.3,386.5,375.0,385.0,384.95,383.65,30365,1164947215000.0,867,27670,0.9112
2018-10-19,MAYURUNIQ,EQ,384.95,385.0,389.2,382.6,388.6,386.4,385.49,6824,263057115000.0,485,5892,0.8634000000000001
2018-10-22,MAYURUNIQ,EQ,386.4,386.0,390.0,376.35,385.0,385.1,383.72,8222,315494035000.0,551,5469,0.6652
2018-10-23,MAYURUNIQ,EQ,385.1,386.9,386.9,377.0,378.5,378.6,380.4,7464,283932020000.0,482,6387,0.8556999999999999
2018-10-24,MAYURUNIQ,EQ,378.6,377.2,381.05,366.0,369.0,368.05,369.85,14558,538432980000.0,583,12595,0.8652
2018-10-25,MAYURUNIQ,EQ,368.05,361.05,367.95,358.0,358.1,358.9,361.63,22488,813241670000.0,481,15168,0.6745
2018-10-26,MAYURUNIQ,EQ,358.9,358.5,368.0,357.55,362.75,361.95,363.25,8783,319046210000.0,1598,5490,0.6251
2018-10-29,MAYURUNIQ,EQ,361.95,363.35,374.7,362.0,373.85,369.05,365.52,31596,1154900740000.0,741,18692,0.5916
2018-10-30,MAYURUNIQ,EQ,369.05,373.8,373.85,362.0,362.0,364.75,365.51,10231,373950855000.0,787,6673,0.6522
2018-10-31,MAYURUNIQ,EQ,364.75,363.25,370.15,358.0,359.0,362.3,364.07,11146,405797290000.0,926,6665,0.598
2018-11-01,MAYURUNIQ,EQ,362.3,362.3,364.9,356.0,359.0,357.65,359.53,31889,1146513120000.0,1542,19838,0.6221
2018-11-02,MAYURUNIQ,EQ,357.65,360.05,364.9,359.0,361.5,361.25,361.44,41368,1495216160000.0,615,26043,0.6295000000000001
2018-11-05,MAYURUNIQ,EQ,361.25,360.0,364.35,355.0,356.0,357.45,358.85,18450,662078735000.0,696,13029,0.7062
2018-11-06,MAYURUNIQ,EQ,357.45,361.95,364.5,356.1,360.0,360.0,360.17,19440,700163345000.0,763,9343,0.4806
2018-11-07,MAYURUNIQ,EQ,360.0,363.35,364.9,356.15,358.0,358.25,358.82,27188,975552925000.0,439,19964,0.7343000000000001
2018-11-09,MAYURUNIQ,EQ,358.25,358.65,376.9,358.65,376.4,368.25,364.86,12363,451074340000.00006,466,8979,0.7263
2018-11-12,MAYURUNIQ,EQ,368.25,372.95,372.95,362.5,367.0,367.25,368.57,11714,431742170000.0,668,7717,0.6587999999999999
2018-11-13,MAYURUNIQ,EQ,367.25,367.0,374.0,363.2,373.0,372.45,368.74,10302,379876335000.0,377,8346,0.8101
2018-11-14,MAYURUNIQ,EQ,372.45,369.0,371.05,362.1,366.95,365.15,365.21,15550,567901295000.0,2252,10747,0.6911
2018-11-15,MAYURUNIQ,EQ,365.15,367.9,375.95,362.0,372.0,370.35,369.02,19814,731179405000.0,1149,14527,0.7332
2018-11-16,MAYURUNIQ,EQ,370.35,370.4,381.05,365.55,375.0,375.55,374.86,17434,653526650000.0,2321,10301,0.5909000000000001
2018-11-19,MAYURUNIQ,EQ,375.55,381.0,385.0,376.55,377.0,378.95,380.45,11965,455203825000.0,1076,7302,0.6103000000000001
2018-11-20,MAYURUNIQ,EQ,378.95,377.0,383.9,371.0,380.0,380.9,379.22,4648,176259735000.0,321,3222,0.6931999999999999
2018-11-21,MAYURUNIQ,EQ,380.9,375.0,382.0,375.0,381.9,381.0,380.36,8509,323649785000.0,277,6175,0.7256999999999999
2018-11-22,MAYURUNIQ,EQ,381.0,381.9,388.5,377.3,383.7,384.65,381.98,7870,300621145000.0,441,5579,0.7089
2018-11-26,MAYURUNIQ,EQ,384.65,387.7,398.95,384.9,385.0,386.05,389.22,7821,304409570000.0,602,4875,0.6233
2018-11-27,MAYURUNIQ,EQ,386.05,390.0,390.0,383.1,388.9,388.1,388.45,6898,267950685000.0,438,4347,0.6302000000000001
2018-11-28,MAYURUNIQ,EQ,388.1,385.05,399.5,385.05,392.0,393.55,394.11,11893,468718250000.0,852,6152,0.5173
2018-11-29,MAYURUNIQ,EQ,393.55,392.95,396.35,385.75,388.0,389.2,390.83,6097,238286829999.99997,635,2656,0.43560000000000004
2018-11-30,MAYURUNIQ,EQ,389.2,389.0,405.95,389.0,403.0,404.1,401.52,15693,630105110000.0,893,9634,0.6139
2018-12-03,MAYURUNIQ,EQ,404.1,396.0,404.9,396.0,402.4,402.2,400.7,15705,629295180000.0,3043,11109,0.7073999999999999
2018-12-04,MAYURUNIQ,EQ,402.2,402.15,405.15,400.0,400.35,400.85,402.44,6684,268990104999.99997,365,4352,0.6511
2018-12-05,MAYURUNIQ,EQ,400.85,400.0,401.0,382.05,388.0,384.55,388.63,12410,482292655000.0,924,7908,0.6372
2018-12-06,MAYURUNIQ,EQ,384.55,384.1,391.45,376.0,390.0,389.6,385.08,6163,237327360000.0,493,4168,0.6763
2018-12-07,MAYURUNIQ,EQ,389.6,390.0,405.0,388.85,399.0,400.75,398.59,11924,475276845000.0,920,6831,0.5729
2018-12-10,MAYURUNIQ,EQ,400.75,401.0,402.0,383.0,399.0,394.9,393.43,10182,400589185000.0,1756,5613,0.5513
2018-12-11,MAYURUNIQ,EQ,394.9,394.0,403.9,390.0,400.0,400.8,399.77,2738,109457570000.0,263,1435,0.5241
2018-12-12,MAYURUNIQ,EQ,400.8,401.05,403.1,382.2,395.0,390.1,390.69,20610,805216775000.0,2350,14932,0.7245
2018-12-13,MAYURUNIQ,EQ,390.1,400.0,402.5,390.15,391.0,392.9,396.12,7142,282910460000.0,803,4287,0.6003000000000001
2018-12-14,MAYURUNIQ,EQ,392.9,396.95,399.0,387.45,398.0,396.65,393.33,3448,135621439999.99998,406,2240,0.6497
2018-12-17,MAYURUNIQ,EQ,396.65,398.0,399.0,394.0,394.05,395.55,396.62,4408,174828625000.0,468,2814,0.6384000000000001
2018-12-18,MAYURUNIQ,EQ,395.55,397.2,403.0,392.95,394.0,394.05,397.21,26116,1037351550000.0,1205,14718,0.5636
2018-12-19,MAYURUNIQ,EQ,394.05,395.05,397.05,391.55,392.1,392.3,394.09,7094,279568325000.0,566,5597,0.789
2018-12-20,MAYURUNIQ,EQ,392.3,394.35,400.95,392.25,396.0,395.6,395.43,11614,459254240000.00006,749,7845,0.6755
2018-12-21,MAYURUNIQ,EQ,395.6,397.4,397.4,391.0,391.6,392.4,392.88,4344,170668090000.0,348,2158,0.4968
2018-12-24,MAYURUNIQ,EQ,392.4,392.05,392.4,384.5,390.0,386.2,387.06,6592,255152910000.0,924,3533,0.536
2018-12-26,MAYURUNIQ,EQ,386.2,386.05,392.7,380.55,386.0,387.1,385.18,7970,306987660000.0,547,4972,0.6238
2018-12-27,MAYURUNIQ,EQ,387.1,392.85,392.85,384.0,384.0,384.75,387.29,4500,174281715000.0,341,3058,0.6796
2018-12-28,MAYURUNIQ,EQ,384.75,386.9,390.0,380.15,389.8,387.55,387.08,3745,144963160000.0,307,2752,0.7348
2018-12-31,MAYURUNIQ,EQ,387.55,390.0,395.0,386.1,388.0,388.4,389.75,7775,303029120000.0,634,4975,0.6399
2019-01-01,MAYURUNIQ,EQ,388.4,390.9,400.0,388.85,400.0,398.75,393.58,8858,348628800000.0,629,5845,0.6598999999999999
2019-01-02,MAYURUNIQ,EQ,398.75,398.75,404.0,395.1,401.0,399.9,400.32,11696,468217605000.0,627,7567,0.647
2019-01-03,MAYURUNIQ,EQ,399.9,403.25,403.25,395.1,395.1,395.7,397.16,5475,217445745000.00003,324,2624,0.4793
2019-01-04,MAYURUNIQ,EQ,395.7,395.35,399.8,392.05,393.0,394.15,396.44,6474,256658000000.0,442,4032,0.6228
2019-01-07,MAYURUNIQ,EQ,394.15,395.4,398.0,392.0,394.4,395.25,394.47,7634,301138185000.0,977,5098,0.6678000000000001
2019-01-08,MAYURUNIQ,EQ,395.25,394.25,399.0,391.95,392.25,393.8,394.57,15394,607401350000.0,454,12233,0.7947
2019-01-09,MAYURUNIQ,EQ,393.8,393.45,394.9,392.0,394.0,393.55,393.56,2746,108071645000.0,439,1760,0.6409
2019-01-10,MAYURUNIQ,EQ,393.55,393.0,394.8,387.1,393.0,393.95,392.94,13103,514862875000.0,298,11900,0.9081999999999999
2019-01-11,MAYURUNIQ,EQ,393.95,395.15,398.75,389.05,397.0,396.4,394.56,5692,224583920000.00003,405,3453,0.6066
2019-01-14,MAYURUNIQ,EQ,396.4,399.0,399.0,395.0,396.0,396.25,396.32,2041,80889240000.0,104,1195,0.5855
2019-01-15,MAYURUNIQ,EQ,396.25,393.4,398.0,391.05,398.0,395.7,394.45,6144,242352210000.0,354,3375,0.5493
2019-01-16,MAYURUNIQ,EQ,395.7,397.95,399.8,393.55,395.0,395.35,396.16,7059,279649380000.0,530,4054,0.5743
2019-01-17,MAYURUNIQ,EQ,395.35,395.7,399.4,393.2,394.0,394.1,395.3,2983,117918175000.0,216,1921,0.644
2019-01-18,MAYURUNIQ,EQ,394.1,392.25,399.5,391.65,395.0,395.55,395.8,7610,301205585000.0,418,4861,0.6388
2019-01-21,MAYURUNIQ,EQ,395.55,398.0,398.0,391.0,395.0,395.1,394.85,5375,212231129999.99997,328,3307,0.6153000000000001
2019-01-22,MAYURUNIQ,EQ,395.1,393.2,396.95,390.65,395.0,393.7,394.14,6611,260566304999.99997,256,5292,0.8005
2019-01-23,MAYURUNIQ,EQ,393.7,395.75,395.75,382.4,383.1,384.55,387.11,8953,346575555000.0,424,7314,0.8169
2019-01-24,MAYURUNIQ,EQ,384.55,383.8,384.8,368.25,372.55,371.0,374.03,8989,336214830000.0,688,5717,0.636
2019-01-25,MAYURUNIQ,EQ,371.0,380.9,380.9,363.4,373.0,370.85,370.94,9032,335036915000.0,672,5985,0.6626000000000001
2019-01-28,MAYURUNIQ,EQ,370.85,365.05,370.95,363.6,368.1,367.7,367.6,5499,202145160000.0,412,3130,0.5692
2019-01-29,MAYURUNIQ,EQ,367.7,365.0,382.95,363.1,370.0,369.5,368.96,5528,203962685000.0,495,3552,0.6425
2019-01-30,MAYURUNIQ,EQ,369.5,366.0,374.45,362.8,373.0,373.35,367.46,8487,311860425000.0,244,6773,0.798
2019-01-31,MAYURUNIQ,EQ,373.35,375.25,377.85,371.05,372.9,372.85,373.54,5884,219788679999.99997,353,3505,0.5957
2019-02-01,MAYURUNIQ,EQ,372.85,372.0,388.0,369.25,388.0,381.45,376.77,5538,208656915000.0,1051,2686,0.485
2019-02-04,MAYURUNIQ,EQ,381.45,381.45,381.5,364.1,370.0,370.3,369.99,11240,415867555000.0,799,7641,0.6798000000000001
2019-02-05,MAYURUNIQ,EQ,370.3,368.7,376.85,365.15,368.05,369.4,369.32,1011,37338550000.0,141,381,0.3769
2019-02-06,MAYURUNIQ,EQ,369.4,370.55,372.0,363.1,364.7,364.15,366.38,7859,287937910000.0,502,4800,0.6108
2019-02-07,MAYURUNIQ,EQ,364.15,362.05,365.75,349.7,360.0,355.95,353.79,27889,986696840000.0,1142,15486,0.5553
2019-02-08,MAYURUNIQ,EQ,355.95,357.85,359.45,346.05,359.4,353.55,349.66,12213,427044700000.0,952,8940,0.7320000000000001
2019-02-11,MAYURUNIQ,EQ,353.55,353.6,356.0,345.55,350.0,349.3,348.95,6138,214185075000.0,492,3816,0.6217
2019-02-12,MAYURUNIQ,EQ,349.3,347.05,351.8,347.05,348.0,349.95,349.02,2693,93991960000.0,202,1855,0.6888
2019-02-13,MAYURUNIQ,EQ,349.95,347.8,355.0,345.0,348.25,353.65,349.93,5777,202151915000.0,227,3363,0.5821000000000001
2019-02-14,MAYURUNIQ,EQ,353.65,352.0,352.0,345.5,347.0,347.55,348.11,6121,213080679999.99997,440,3457,0.5648
2019-02-15,MAYURUNIQ,EQ,347.55,346.2,355.0,341.4,348.5,349.8,349.4,14276,498807959999.99994,757,11240,0.7873000000000001
2019-02-18,MAYURUNIQ,EQ,349.8,345.05,350.8,344.0,344.7,345.2,346.92,6713,232888300000.0,492,5080,0.7567
2019-02-19,MAYURUNIQ,EQ,345.2,349.7,349.7,335.2,343.0,342.55,342.6,8717,298646485000.0,498,4197,0.4815
2019-02-20,MAYURUNIQ,EQ,342.55,341.1,345.0,335.5,344.5,344.25,341.09,2543,86739295000.0,272,1453,0.5714
2019-02-21,MAYURUNIQ,EQ,344.25,349.4,349.4,338.5,340.0,340.9,344.03,7829,269344320000.00003,1435,5119,0.6539
2019-02-22,MAYURUNIQ,EQ,340.9,340.05,342.2,335.55,336.0,336.6,337.92,14588,492963450000.0,775,11240,0.7705
2019-02-25,MAYURUNIQ,EQ,336.6,337.9,341.5,337.0,337.0,339.6,339.88,4174,141865590000.0,246,3463,0.8297
2019-02-26,MAYURUNIQ,EQ,339.6,340.95,356.2,340.0,343.95,342.3,346.89,11821,410058045000.0,799,8235,0.6966
2019-02-27,MAYURUNIQ,EQ,342.3,343.0,343.95,338.0,338.8,338.5,340.8,12637,430671134999.99994,838,9745,0.7711
2019-02-28,MAYURUNIQ,EQ,338.5,340.95,346.65,338.0,340.25,342.8,340.52,9741,331703725000.0,386,7008,0.7194
2019-03-01,MAYURUNIQ,EQ,342.8,345.2,356.3,344.55,356.3,354.25,350.18,30112,1054455410000.0,374,28719,0.9537000000000001
2019-03-05,MAYURUNIQ,EQ,354.25,359.95,366.0,354.4,357.8,359.4,360.65,75349,2717427985000.0,1583,48839,0.6482
2019-03-06,MAYURUNIQ,EQ,359.4,353.65,368.6,353.65,358.0,357.7,362.06,14200,514131470000.0,635,11389,0.802
2019-03-07,MAYURUNIQ,EQ,357.7,357.7,360.45,354.55,356.0,356.95,357.04,4954,176878500000.0,402,2858,0.5769
2019-03-08,MAYURUNIQ,EQ,356.95,357.0,367.45,355.95,359.0,359.35,360.17,7729,278376300000.0,513,4099,0.5303
2019-03-11,MAYURUNIQ,EQ,359.35,361.0,368.0,358.0,358.55,359.1,360.27,15600,562018445000.0,700,10884,0.6977
2019-03-12,MAYURUNIQ,EQ,359.1,363.95,364.0,359.55,360.1,362.35,361.41,9525,344244380000.0,516,6847,0.7188
2019-03-13,MAYURUNIQ,EQ,362.35,361.05,364.9,355.95,361.1,363.2,361.1,10887,393131370000.0,756,7814,0.7177
2019-03-14,MAYURUNIQ,EQ,363.2,363.4,365.35,360.2,360.2,361.0,362.93,109489,3973638450000.0,1674,104080,0.9506
2019-03-15,MAYURUNIQ,EQ,361.0,362.7,365.0,359.0,359.0,360.6,361.72,24656,891854735000.0,801,15516,0.6293
2019-03-18,MAYURUNIQ,EQ,360.6,360.0,362.95,351.0,353.0,353.5,356.76,13019,464463030000.0,844,8845,0.6794
2019-03-19,MAYURUNIQ,EQ,353.5,356.0,356.0,350.55,353.35,353.05,352.76,5238,184775165000.0,412,3171,0.6054
2019-03-20,MAYURUNIQ,EQ,353.05,353.05,354.1,350.0,352.25,352.8,351.93,3688,129791695000.0,293,1771,0.4802
2019-03-22,MAYURUNIQ,EQ,352.8,352.0,356.95,351.5,355.0,354.1,353.63,7200,254616595000.00003,596,4680,0.65
2019-03-25,MAYURUNIQ,EQ,354.1,354.1,354.1,345.2,345.5,347.85,349.16,15971,557648010000.0,1206,11795,0.7384999999999999
2019-03-26,MAYURUNIQ,EQ,347.85,349.3,349.3,344.3,345.0,345.95,346.1,5561,192467085000.0,400,3558,0.6398
2019-03-27,MAYURUNIQ,EQ,345.95,348.3,349.35,340.1,340.15,341.95,344.58,19115,658664665000.0,949,11962,0.6258
2019-03-28,MAYURUNIQ,EQ,341.95,341.4,350.0,341.0,345.0,346.25,344.83,9959,343419215000.0,669,5579,0.5602
2019-03-29,MAYURUNIQ,EQ,346.25,347.0,350.0,343.15,344.0,346.7,346.08,10788,373354800000.0,763,6097,0.5652
2019-04-01,MAYURUNIQ,EQ,346.7,347.05,353.85,347.05,350.5,351.25,350.21,10453,366079720000.0,510,8012,0.7665000000000001
2019-04-02,MAYURUNIQ,EQ,351.25,354.35,367.15,348.45,359.8,357.8,358.92,12092,434010390000.00006,967,6515,0.5388000000000001
2019-04-03,MAYURUNIQ,EQ,357.8,362.5,366.2,354.0,363.0,360.35,359.71,6808,244893175000.0,518,3841,0.5642
2019-04-04,MAYURUNIQ,EQ,360.35,360.0,363.8,350.55,354.55,355.55,355.19,30026,1066507385000.0,1979,27054,0.9009999999999999
2019-04-05,MAYURUNIQ,EQ,355.55,357.4,357.4,348.0,348.0,349.6,354.78,66062,2343764135000.0,1247,63536,0.9618000000000001
2019-04-08,MAYURUNIQ,EQ,349.6,349.6,353.9,348.0,348.25,349.55,350.05,4430,155071855000.0,263,3072,0.6935
2019-04-09,MAYURUNIQ,EQ,349.55,352.95,352.95,346.5,346.95,346.9,348.19,4249,147944885000.0,995,2660,0.626
2019-04-10,MAYURUNIQ,EQ,346.9,346.5,364.45,346.5,353.0,352.55,355.17,16169,574272285000.0,1287,7625,0.47159999999999996
2019-04-11,MAYURUNIQ,EQ,352.55,351.0,358.35,348.55,349.85,350.0,352.76,6558,231337190000.0,720,3249,0.4954
2019-04-12,MAYURUNIQ,EQ,350.0,350.0,357.9,350.0,354.0,352.45,354.01,4479,158560740000.0,427,2070,0.4622
2019-04-15,MAYURUNIQ,EQ,352.45,352.5,357.65,351.3,355.0,353.85,354.51,6730,238582679999.99997,548,3427,0.5092
2019-04-16,MAYURUNIQ,EQ,353.85,355.9,359.9,350.1,352.0,351.8,353.91,10229,362015510000.0,567,7351,0.7186
2019-04-18,MAYURUNIQ,EQ,351.8,355.45,355.45,347.7,347.7,348.7,349.89,12794,447645405000.0,435,9447,0.7384000000000001
2019-04-22,MAYURUNIQ,EQ,348.7,349.05,350.0,343.15,346.95,346.7,346.22,7380,255513990000.0,435,5798,0.7856000000000001
2019-04-23,MAYURUNIQ,EQ,346.7,346.85,348.7,342.7,343.0,343.75,344.71,7302,251706279999.99997,578,3921,0.537
2019-04-24,MAYURUNIQ,EQ,343.75,343.0,344.9,340.0,342.7,341.0,341.94,6597,225575835000.0,381,3211,0.4867
2019-04-25,MAYURUNIQ,EQ,341.0,340.1,347.45,338.15,338.8,340.0,342.05,11906,407249955000.0,850,6031,0.5065999999999999
2019-04-26,MAYURUNIQ,EQ,340.0,345.1,345.1,341.2,343.0,343.2,342.99,3610,123819160000.00002,202,2597,0.7194
2019-04-30,MAYURUNIQ,EQ,343.2,345.95,346.0,333.0,333.0,333.7,337.01,11501,387593220000.0,622,7269,0.632
2019-05-02,MAYURUNIQ,EQ,333.7,334.0,339.05,328.0,328.0,329.6,332.45,12491,415258440000.0,962,8920,0.7141
2019-05-03,MAYURUNIQ,EQ,329.6,327.95,329.6,314.0,314.5,314.6,316.1,55320,1748689925000.0,3944,47176,0.8528
2019-05-06,MAYURUNIQ,EQ,314.6,315.0,315.05,305.0,309.8,308.8,309.64,14417,446401615000.00006,669,10727,0.7441
2019-05-07,MAYURUNIQ,EQ,308.8,308.0,313.55,305.0,311.25,310.0,309.45,10013,309851565000.0,554,7891,0.7881
2019-05-08,MAYURUNIQ,EQ,310.0,308.5,313.5,306.1,313.25,312.3,310.02,7580,234997770000.00003,521,4936,0.6512000000000001
2019-05-09,MAYURUNIQ,EQ,312.3,313.45,313.45,304.65,309.0,309.15,309.05,8335,257596890000.0,446,5686,0.6822
2019-05-10,MAYURUNIQ,EQ,309.15,310.0,311.4,305.1,309.9,307.75,307.63,11435,351771820000.0,552,6525,0.5706
2019-05-13,MAYURUNIQ,EQ,307.75,307.75,310.05,300.15,301.5,303.6,303.75,9723,295340270000.0,665,6443,0.6627
2019-05-14,MAYURUNIQ,EQ,303.6,300.65,309.8,282.75,305.9,306.15,295.02,15829,466985565000.00006,1242,9185,0.5803
2019-05-15,MAYURUNIQ,EQ,306.15,306.1,309.5,296.1,299.9,299.05,301.1,12161,366169135000.0,489,10385,0.8540000000000001
2019-05-16,MAYURUNIQ,EQ,299.05,296.0,301.6,293.1,299.0,298.6,297.35,7295,216916970000.00003,670,4462,0.6117
2019-05-17,MAYURUNIQ,EQ,298.6,293.05,309.8,293.05,301.6,304.45,301.61,9357,282215525000.0,591,6811,0.7279000000000001
2019-05-20,MAYURUNIQ,EQ,304.45,319.9,319.9,294.1,297.95,298.4,303.43,21395,649186545000.0,1104,12346,0.5771000000000001
2019-05-21,MAYURUNIQ,EQ,298.4,300.0,304.95,297.05,299.65,299.85,300.07,13437,403205975000.0,617,9222,0.6863
2019-05-22,MAYURUNIQ,EQ,299.85,301.95,302.5,296.55,301.0,300.6,299.77,18867,565575820000.0,1168,10295,0.5457
2019-05-23,MAYURUNIQ,EQ,300.6,301.45,301.65,294.65,296.05,298.75,298.83,16133,482100759999.99994,579,13051,0.809
2019-05-24,MAYURUNIQ,EQ,298.75,300.0,317.15,299.55,306.0,305.7,308.34,11852,365440385000.0,696,7385,0.6231
2019-05-27,MAYURUNIQ,EQ,305.7,314.0,325.15,309.2,315.55,321.15,315.51,36806,1161268550000.0,1367,24378,0.6623
2019-05-28,MAYURUNIQ,EQ,321.15,324.95,329.0,315.95,319.0,319.3,321.42,20388,655318810000.0,719,14898,0.7306999999999999
2019-05-29,MAYURUNIQ,EQ,319.3,322.4,322.4,310.0,310.15,311.75,313.61,12164,381476495000.0,530,8795,0.723
2019-05-30,MAYURUNIQ,EQ,311.75,313.75,315.9,302.1,312.6,310.4,309.73,6279,194480700000.0,498,3406,0.5424
2019-05-31,MAYURUNIQ,EQ,310.4,310.0,312.9,308.0,308.9,309.6,309.56,7345,227370835000.0,387,3525,0.47990000000000005
2019-06-03,MAYURUNIQ,EQ,309.6,309.6,309.6,298.0,301.45,302.2,301.87,21978,663449870000.0,826,15708,0.7147
2019-06-04,MAYURUNIQ,EQ,302.2,308.85,308.85,298.1,298.2,299.55,301.65,11284,340380455000.0,1080,7274,0.6446
2019-06-06,MAYURUNIQ,EQ,299.55,301.95,301.95,292.55,298.8,297.15,297.22,15034,446845855000.0,1398,9306,0.619
2019-06-07,MAYURUNIQ,EQ,297.15,299.05,299.05,290.0,295.5,293.1,294.82,21322,628624670000.0,986,14472,0.6787000000000001
2019-06-10,MAYURUNIQ,EQ,293.1,297.9,302.0,293.3,295.0,295.95,297.0,16386,486664575000.0,942,12999,0.7933
2019-06-11,MAYURUNIQ,EQ,295.95,298.8,298.85,293.0,295.0,294.3,295.35,6040,178393270000.0,487,4160,0.6887000000000001
2019-06-12,MAYURUNIQ,EQ,294.3,293.0,295.55,291.0,293.15,294.15,293.22,6676,195752635000.0,537,3789,0.5676
2019-06-13,MAYURUNIQ,EQ,294.15,297.0,297.0,290.0,293.0,292.6,291.97,11262,328811370000.0,484,6117,0.5432
2019-06-14,MAYURUNIQ,EQ,292.6,292.9,293.95,291.25,293.0,292.45,292.64,6324,185067335000.0,344,3740,0.5914
2019-06-17,MAYURUNIQ,EQ,292.45,292.5,295.45,290.55,294.9,293.5,293.0,4095,119984560000.00002,242,2389,0.5526
2019-06-18,MAYURUNIQ,EQ,293.5,294.9,295.95,290.0,290.0,290.6,291.76,6896,201197725000.0,309,4813,0.5802
2019-06-19,MAYURUNIQ,EQ,290.6,290.0,294.2,281.4,284.9,283.75,287.69,14432,415195555000.0,867,10952,0.7589
2019-06-20,MAYURUNIQ,EQ,283.75,283.8,284.9,277.4,278.45,280.65,281.15,19544,549476375000.0,805,15258,0.7807
2019-06-21,MAYURUNIQ,EQ,280.65,284.0,284.0,267.05,272.1,272.8,272.21,20034,545344425000.0,1065,13598,0.6787000000000001
2019-06-24,MAYURUNIQ,EQ,272.8,274.45,276.1,265.3,267.25,269.4,269.69,14334,386570595000.0,624,10012,0.6985
2019-06-25,MAYURUNIQ,EQ,269.4,267.0,282.45,265.0,266.3,266.9,270.22,105274,2844677430000.0,2466,89911,0.8541
2019-06-26,MAYURUNIQ,EQ,266.9,266.0,269.8,265.2,266.5,267.35,267.1,22047,588878045000.0,792,13921,0.6314000000000001
2019-06-27,MAYURUNIQ,EQ,267.35,269.95,272.05,266.5,269.0,270.05,270.13,14922,403085485000.0,869,10526,0.7054
2019-06-28,MAYURUNIQ,EQ,270.05,270.05,276.0,267.0,273.0,273.45,269.57,9041,243718835000.0,572,6935,0.7671
2019-07-01,MAYURUNIQ,EQ,273.45,268.15,281.25,266.05,280.0,278.35,271.21,14587,395616135000.0,1190,6998,0.4797
2019-07-02,MAYURUNIQ,EQ,278.35,272.1,274.0,269.3,271.0,272.3,270.9,18738,507614980000.0,683,12587,0.6717000000000001
2019-07-03,MAYURUNIQ,EQ,272.3,272.3,277.0,269.0,275.0,272.8,271.42,17300,469558855000.0,546,10647,0.6154000000000001
2019-07-04,MAYURUNIQ,EQ,272.8,283.0,283.0,267.35,270.0,270.2,270.95,15337,415551715000.0,548,11244,0.7331000000000001
2019-07-05,MAYURUNIQ,EQ,270.2,268.05,274.0,268.05,271.7,271.6,271.24,6544,177497860000.0,530,3560,0.544
2019-07-08,MAYURUNIQ,EQ,271.6,271.05,273.65,268.75,269.55,270.7,270.05,8316,224569920000.00003,355,5304,0.6378
2019-07-09,MAYURUNIQ,EQ,270.7,268.85,278.0,267.5,267.5,269.65,271.77,5957,161895175000.0,372,4053,0.6804000000000001
2019-07-10,MAYURUNIQ,EQ,269.65,268.45,273.45,265.5,267.65,268.35,269.03,11345,305211630000.0,470,8224,0.7249
2019-07-11,MAYURUNIQ,EQ,268.35,268.5,270.8,266.0,267.5,266.85,268.03,4084,109461420000.0,355,2292,0.5612
2019-07-12,MAYURUNIQ,EQ,266.85,267.0,272.95,265.8,271.8,268.85,269.37,4377,117903289999.99998,362,2511,0.5737
2019-07-15,MAYURUNIQ,EQ,268.85,269.0,271.0,266.0,269.95,268.65,268.53,3884,104295690000.0,319,2668,0.6869
2019-07-16,MAYURUNIQ,EQ,268.65,276.7,276.7,262.0,262.0,263.45,267.11,10484,280034735000.0,564,7090,0.6763
2019-07-17,MAYURUNIQ,EQ,263.45,265.0,265.0,262.1,263.85,263.15,262.97,8060,211957745000.00003,274,6562,0.8140999999999999
2019-07-18,MAYURUNIQ,EQ,263.15,265.45,265.45,256.95,259.95,258.3,260.58,11794,307323680000.0,624,9590,0.8131
2019-07-19,MAYURUNIQ,EQ,258.3,260.0,260.0,234.2,250.0,245.15,243.31,45524,1107653510000.0,1967,33699,0.7402
2019-07-22,MAYURUNIQ,EQ,245.15,245.5,254.4,241.0,251.0,249.95,245.83,6693,164531715000.0,474,4784,0.7148000000000001
2019-07-23,MAYURUNIQ,EQ,249.95,250.0,261.0,248.0,261.0,256.3,253.78,7533,191175355000.0,612,4599,0.6104999999999999
2019-07-24,MAYURUNIQ,EQ,256.3,258.2,263.95,253.0,256.5,254.65,256.62,11717,300678500000.0,763,8921,0.7614000000000001
2019-07-25,MAYURUNIQ,EQ,254.65,253.05,271.6,247.65,253.0,250.05,254.77,8731,222435915000.0,719,5187,0.5941
2019-07-26,MAYURUNIQ,EQ,250.05,250.05,257.0,245.55,257.0,255.95,250.92,4422,110958245000.0,490,1858,0.4202
2019-07-29,MAYURUNIQ,EQ,255.95,257.0,258.85,246.5,251.0,250.9,251.87,7149,180065390000.0,612,5012,0.7011000000000001
2019-07-30,MAYURUNIQ,EQ,250.9,249.0,252.0,246.3,246.3,246.95,248.32,5053,125475485000.00002,399,3565,0.7055
2019-07-31,MAYURUNIQ,EQ,246.95,247.5,250.55,246.3,248.0,247.55,247.65,8286,205200030000.0,522,4466,0.539
2019-08-01,MAYURUNIQ,EQ,247.55,248.4,250.45,237.65,241.0,240.15,243.01,10059,244442075000.0,818,6249,0.6212
2019-08-02,MAYURUNIQ,EQ,240.15,241.0,243.55,227.5,228.0,232.35,233.65,25931,605884730000.0,1246,13422,0.5176
2019-08-05,MAYURUNIQ,EQ,232.35,230.0,233.95,225.0,227.5,227.2,227.71,12241,278734815000.0,896,6897,0.5634
2019-08-06,MAYURUNIQ,EQ,227.2,227.3,232.3,223.1,228.0,230.45,228.6,10057,229907840000.0,855,5364,0.5334000000000001
2019-08-07,MAYURUNIQ,EQ,230.45,220.25,221.85,210.95,220.0,217.95,218.14,28759,627361350000.0,1592,18201,0.6329
2019-08-08,MAYURUNIQ,EQ,217.95,216.0,235.0,215.0,231.0,227.35,219.78,26188,575570400000.0,675,23082,0.8814000000000001
2019-08-09,MAYURUNIQ,EQ,227.35,229.0,237.95,228.5,229.3,230.0,231.67,13819,320143095000.0,701,9642,0.6977
2019-08-13,MAYURUNIQ,EQ,230.0,231.0,239.95,226.5,237.4,234.3,233.01,8383,195330375000.0,829,5343,0.6374000000000001
2019-08-14,MAYURUNIQ,EQ,234.3,231.0,239.7,231.0,234.85,234.25,235.09,6972,163902980000.0,401,3855,0.5529000000000001
2019-08-16,MAYURUNIQ,EQ,234.25,228.0,236.0,221.1,225.0,224.3,229.6,6273,144027850000.0,522,3820,0.609
2019-08-19,MAYURUNIQ,EQ,224.3,234.0,234.0,219.0,221.0,222.5,221.88,13413,297606670000.0,747,9233,0.6884
2019-08-20,MAYURUNIQ,EQ,222.5,222.5,223.15,216.5,222.0,220.45,219.09,11903,260787854999.99997,437,8764,0.7363
2019-08-21,MAYURUNIQ,EQ,220.45,220.0,226.75,216.0,217.0,217.5,217.85,8491,184976395000.0,464,5956,0.7014
2019-08-22,MAYURUNIQ,EQ,217.5,215.5,217.25,211.0,211.0,213.05,214.61,11155,239397045000.00003,444,7918,0.7098000000000001
2019-08-23,MAYURUNIQ,EQ,213.05,216.9,217.55,213.05,215.0,216.0,215.87,11924,257404765000.0,326,9394,0.7878000000000001
2019-08-26,MAYURUNIQ,EQ,216.0,220.95,221.05,214.15,214.15,216.0,216.46,19855,429786334999.99994,632,17685,0.8906999999999999
2019-08-27,MAYURUNIQ,EQ,216.0,215.0,218.65,213.5,215.0,214.4,215.8,24629,531492834999.99994,675,21441,0.8706
2019-08-28,MAYURUNIQ,EQ,214.4,215.25,216.2,210.1,212.8,212.15,212.93,13327,283768230000.0,671,8386,0.6292
2019-08-29,MAYURUNIQ,EQ,212.15,213.1,220.75,212.0,215.0,214.9,215.19,10691,230061310000.0,383,8018,0.75
2019-08-30,MAYURUNIQ,EQ,214.9,216.4,224.7,215.0,224.7,219.6,217.27,7888,171381745000.0,284,6634,0.841
2019-09-03,MAYURUNIQ,EQ,219.6,219.6,239.4,215.0,215.2,216.45,217.62,19195,417716180000.0,1108,14445,0.7525000000000001
2019-09-04,MAYURUNIQ,EQ,216.45,216.45,220.2,213.0,214.0,213.75,215.46,11860,255534640000.0,588,9136,0.7703
2019-09-05,MAYURUNIQ,EQ,213.75,215.5,220.0,214.05,215.0,215.85,216.09,32625,704997530000.0,1376,25910,0.7942
2019-09-06,MAYURUNIQ,EQ,215.85,219.45,219.7,205.55,213.95,214.35,211.97,157390,3336126300000.0,1552,99733,0.6337
2019-09-09,MAYURUNIQ,EQ,214.35,219.9,221.5,210.5,220.0,211.1,212.27,76290,1619370045000.0,1112,21001,0.27530000000000004
2019-09-11,MAYURUNIQ,EQ,211.1,211.5,237.0,210.1,237.0,227.0,214.64,100134,2149303985000.0002,4315,40469,0.40409999999999996
2019-09-12,MAYURUNIQ,EQ,227.0,235.95,235.95,213.35,214.0,215.05,215.44,183208,3947068945000.0005,2015,94068,0.5134000000000001
2019-09-13,MAYURUNIQ,EQ,215.05,220.6,223.9,212.55,212.6,213.8,215.8,39293,847954625000.0,1495,20245,0.5152
2019-09-16,MAYURUNIQ,EQ,213.8,213.8,215.0,210.5,214.95,213.95,213.16,123604,2634699085000.0,1144,67218,0.5438000000000001
2019-09-17,MAYURUNIQ,EQ,213.95,215.0,215.0,210.55,213.15,211.65,212.29,26513,562841995000.0,888,15262,0.5756
2019-09-18,MAYURUNIQ,EQ,211.65,210.55,213.45,210.55,211.55,212.2,212.06,67088,1422670990000.0,331,63230,0.9425
2019-09-19,MAYURUNIQ,EQ,212.2,212.35,212.35,208.1,212.0,210.9,210.96,87992,1856283275000.0,677,85440,0.971
2019-09-20,MAYURUNIQ,EQ,210.9,219.9,219.9,210.45,212.95,211.85,212.36,116962,2483819745000.0,2214,64993,0.5557
2019-09-23,MAYURUNIQ,EQ,211.85,213.0,219.55,208.8,209.95,209.7,214.43,262844,5636286110000.0,4806,149342,0.5682
2019-09-24,MAYURUNIQ,EQ,209.7,211.95,215.5,209.8,213.95,213.85,214.21,58516,1253471035000.0,995,39448,0.6741
2019-09-25,MAYURUNIQ,EQ,213.85,222.5,224.5,214.1,216.95,216.0,216.81,147959,3207852935000.0,2261,71117,0.4807
2019-09-26,MAYURUNIQ,EQ,216.0,216.8,217.0,213.5,215.9,214.65,214.36,282922,6064714805000.0,1093,173780,0.6142000000000001
2019-09-27,MAYURUNIQ,EQ,214.65,219.35,219.35,210.0,210.0,212.95,215.16,54168,1165458460000.0,1040,43907,0.8106
2019-09-30,MAYURUNIQ,EQ,212.95,216.4,216.4,210.2,212.9,212.1,212.82,43116,917615055000.0001,1205,32428,0.7521
2019-10-01,MAYURUNIQ,EQ,212.1,214.6,216.3,210.6,213.0,212.5,213.35,26194,558837600000.0,775,14909,0.5692
2019-10-03,MAYURUNIQ,EQ,212.5,212.0,214.95,209.95,212.35,211.3,211.47,23109,488694090000.00006,800,16743,0.7245
2019-10-04,MAYURUNIQ,EQ,211.3,211.55,213.9,208.0,210.85,209.0,210.17,17512,368054825000.0,746,10919,0.6235
2019-10-07,MAYURUNIQ,EQ,209.0,212.35,215.0,209.0,210.0,211.9,212.85,13751,292685670000.0,605,8321,0.6051
2019-10-09,MAYURUNIQ,EQ,211.9,214.55,214.55,208.0,213.4,212.1,209.9,18757,393706110000.0,875,12602,0.6718999999999999
2019-10-10,MAYURUNIQ,EQ,212.1,214.55,216.45,208.7,212.05,212.3,210.83,11830,249409195000.00003,571,6731,0.569
2019-10-11,MAYURUNIQ,EQ,212.3,212.45,216.8,211.5,215.1,214.7,214.5,10025,215033400000.0,894,6961,0.6944
2019-10-14,MAYURUNIQ,EQ,214.7,214.9,215.9,208.1,210.85,208.95,211.04,13688,288871145000.0,640,8573,0.6263000000000001
2019-10-15,MAYURUNIQ,EQ,208.95,207.65,213.25,207.65,212.5,212.65,210.76,11850,249754570000.00003,534,8630,0.7283
2019-10-16,MAYURUNIQ,EQ,212.65,215.95,217.9,204.2,206.0,205.5,210.19,64441,1354493995000.0,1886,39415,0.6116
2019-10-17,MAYURUNIQ,EQ,205.5,211.0,221.5,205.5,218.9,215.45,211.14,16728,353202885000.0,766,11107,0.664
2019-10-18,MAYURUNIQ,EQ,215.45,211.75,236.95,211.75,230.85,225.6,224.57,48728,1094282750000.0,2013,24975,0.5125
2019-10-22,MAYURUNIQ,EQ,225.6,229.8,231.5,209.95,212.5,212.5,213.33,76260,1626843595000.0,2027,30897,0.40520000000000006
2019-10-23,MAYURUNIQ,EQ,212.5,212.5,233.15,202.0,209.0,216.8,212.64,179228,3811169395000.0005,4773,86422,0.4822
2019-10-24,MAYURUNIQ,EQ,216.8,214.45,214.5,210.0,212.1,212.8,212.33,31338,665408785000.0,633,17074,0.5448
2019-10-25,MAYURUNIQ,EQ,212.8,210.0,217.9,208.85,215.0,215.0,210.35,92143,1938247220000.0,698,48327,0.5245000000000001
2019-10-27,MAYURUNIQ,EQ,215.0,221.0,222.85,215.0,217.55,218.95,218.15,6787,148061600000.0,234,5647,0.8320000000000001
2019-10-29,MAYURUNIQ,EQ,218.95,219.75,221.05,212.9,221.0,218.3,215.47,33304,717595595000.0,799,15666,0.4704
2019-10-30,MAYURUNIQ,EQ,218.3,224.45,224.45,216.0,219.0,219.95,221.53,13569,300599160000.0,718,9583,0.7062
2019-10-31,MAYURUNIQ,EQ,219.95,222.85,224.3,216.85,220.2,219.25,220.55,19286,425343630000.0,1036,9943,0.5156000000000001
2019-11-01,MAYURUNIQ,EQ,219.25,221.85,223.15,218.0,219.5,218.45,219.35,27167,595914835000.0,553,14640,0.5389
2019-11-04,MAYURUNIQ,EQ,218.45,223.3,224.65,215.0,216.0,215.4,218.51,30491,666264000000.0,838,26225,0.8601000000000001
2019-11-05,MAYURUNIQ,EQ,215.4,215.8,219.0,214.25,218.0,217.55,216.37,11811,255550415000.0,499,8648,0.7322
2019-11-06,MAYURUNIQ,EQ,217.55,222.5,222.6,211.2,212.35,214.05,215.7,10540,227342795000.00003,445,8461,0.8028000000000001
2019-11-07,MAYURUNIQ,EQ,214.05,218.9,227.0,213.05,225.0,222.7,219.83,29399,646282085000.0,605,24254,0.8250000000000001
2019-11-08,MAYURUNIQ,EQ,222.7,226.0,227.35,219.1,226.0,225.55,223.24,16244,362629385000.0,641,7873,0.4847
2019-11-11,MAYURUNIQ,EQ,225.55,227.0,227.35,220.5,222.0,222.85,222.5,298448,6640561395000.0,885,209182,0.7009000000000001
2019-11-13,MAYURUNIQ,EQ,222.85,226.0,230.2,220.0,222.5,223.85,222.56,223391,4971878395000.0,1749,196802,0.881
2019-11-14,MAYURUNIQ,EQ,223.85,228.85,228.85,219.45,219.55,222.55,222.08,22343,496199280000.0,670,17437,0.7804000000000001
2019-11-15,MAYURUNIQ,EQ,222.55,219.5,224.9,218.2,221.05,223.9,222.72,23623,526128305000.0,1819,18811,0.7963
2019-11-18,MAYURUNIQ,EQ,223.9,224.9,227.0,220.65,225.0,222.5,222.46,28116,625475890000.0,697,17754,0.6315
2019-11-19,MAYURUNIQ,EQ,222.5,222.45,225.95,218.1,221.6,223.5,222.03,8901,197624895000.0,298,6652,0.7473000000000001
2019-11-20,MAYURUNIQ,EQ,223.5,227.0,227.0,222.0,222.1,224.15,224.84,11118,249974675000.0,435,7761,0.6981
2019-11-21,MAYURUNIQ,EQ,224.15,224.15,226.0,220.35,222.0,221.5,222.81,5100,113631195000.0,445,2784,0.5459
2019-11-22,MAYURUNIQ,EQ,221.5,225.9,225.9,214.55,215.5,216.2,218.56,18103,395651145000.0,943,7561,0.4177
2019-11-25,MAYURUNIQ,EQ,216.2,216.0,216.0,207.15,210.0,209.65,210.38,37148,781530790000.0,1691,22474,0.605
2019-11-26,MAYURUNIQ,EQ,209.65,213.95,214.15,209.0,212.8,210.7,210.36,15163,318966790000.0,596,9617,0.6342
2019-11-27,MAYURUNIQ,EQ,210.7,210.7,224.0,208.1,222.0,218.15,212.84,25278,538028870000.0,646,19047,0.7535
2019-11-28,MAYURUNIQ,EQ,218.15,220.75,223.95,214.6,222.45,221.9,217.29,19607,426038015000.00006,776,12846,0.6552
2019-11-29,MAYURUNIQ,EQ,221.9,224.45,227.85,218.0,219.0,219.3,221.37,15793,349607950000.0,1054,6174,0.3909
2019-12-02,MAYURUNIQ,EQ,219.3,219.3,220.0,214.0,214.4,216.4,216.96,7617,165256455000.0,359,5532,0.7263
2019-12-03,MAYURUNIQ,EQ,216.4,214.15,219.75,214.15,218.5,217.25,217.87,7964,173509320000.0,333,6219,0.7809
2019-12-04,MAYURUNIQ,EQ,217.25,219.5,219.5,214.0,214.0,215.95,216.63,12240,265159120000.00003,252,10107,0.8257
2019-12-05,MAYURUNIQ,EQ,215.95,215.25,219.0,209.25,209.8,210.95,213.55,11723,250344815000.0,492,8179,0.6977
2019-12-06,MAYURUNIQ,EQ,210.95,211.0,219.5,210.3,211.1,211.55,211.91,7503,158994355000.0,551,4582,0.6107
2019-12-09,MAYURUNIQ,EQ,211.55,216.1,219.0,214.0,217.9,216.1,216.7,12751,276309570000.0,832,7338,0.5755
2019-12-10,MAYURUNIQ,EQ,216.1,218.5,218.6,216.05,216.05,216.6,217.07,7284,158115120000.0,288,5172,0.71
2019-12-11,MAYURUNIQ,EQ,216.6,216.0,219.0,210.5,217.5,216.45,215.59,8438,181911920000.0,500,4740,0.5617
2019-12-12,MAYURUNIQ,EQ,216.45,219.8,220.5,214.5,217.0,217.85,216.59,15169,328540610000.0,421,6537,0.43090000000000006
2019-12-13,MAYURUNIQ,EQ,217.85,221.0,224.0,217.0,219.2,221.35,220.11,11809,259923745000.00003,583,7262,0.615
2019-12-16,MAYURUNIQ,EQ,221.35,224.85,224.85,216.0,216.5,217.85,218.65,9226,201722690000.0,530,5036,0.5458
2019-12-17,MAYURUNIQ,EQ,217.85,216.05,219.4,214.25,216.5,216.95,216.45,4626,100128780000.0,301,2537,0.5484
2019-12-18,MAYURUNIQ,EQ,216.95,215.25,219.0,213.15,215.55,216.6,215.97,6346,137056070000.0,370,3069,0.48360000000000003
2019-12-19,MAYURUNIQ,EQ,216.6,218.55,218.9,215.1,215.5,216.2,216.53,8419,182293960000.0,479,5607,0.6659999999999999
2019-12-20,MAYURUNIQ,EQ,216.2,217.95,219.0,216.0,216.15,216.1,216.74,6713,145497670000.0,171,5167,0.7697
2019-12-23,MAYURUNIQ,EQ,216.1,214.0,217.75,214.0,215.55,215.8,215.53,3893,83907525000.0,197,2262,0.5810000000000001
2019-12-24,MAYURUNIQ,EQ,215.8,215.8,217.45,215.5,216.0,216.55,216.37,5527,119587875000.0,232,3752,0.6788
2019-12-26,MAYURUNIQ,EQ,216.55,220.5,220.5,205.35,209.95,209.5,210.25,100902,2121445145000.0,2516,72804,0.7215
2019-12-27,MAYURUNIQ,EQ,209.5,209.5,210.5,207.6,208.5,209.0,209.25,32427,678545705000.0,481,30006,0.9253
2019-12-30,MAYURUNIQ,EQ,209.0,213.8,214.0,208.55,210.0,209.95,211.34,47051,994369080000.0001,1323,24743,0.5259
2019-12-31,MAYURUNIQ,EQ,209.95,213.0,213.0,207.95,209.0,209.05,209.47,23977,502252355000.0,606,19828,0.8270000000000001
2020-01-01,MAYURUNIQ,EQ,209.05,212.0,213.9,209.05,213.8,213.55,212.25,25755,546657400000.0,623,19174,0.7445
2020-01-02,MAYURUNIQ,EQ,213.55,218.0,223.2,214.25,217.95,218.35,220.31,110207,2427997220000.0,2343,66275,0.6014
2020-01-03,MAYURUNIQ,EQ,218.35,221.3,221.3,199.5,208.0,209.25,206.24,3482155,71817240845000.0,15659,1688500,0.48490000000000005
2020-01-06,MAYURUNIQ,EQ,209.25,209.9,216.0,202.95,206.0,206.65,210.26,655190,13775975519999.998,9937,448710,0.6849
2020-01-07,MAYURUNIQ,EQ,206.65,212.2,215.0,208.1,210.35,209.35,211.89,183737,3893182175000.0,3361,101056,0.55
2020-01-08,MAYURUNIQ,EQ,209.35,208.2,212.35,205.5,207.4,207.3,209.88,137685,2889748645000.0,2571,85448,0.6206
2020-01-09,MAYURUNIQ,EQ,207.3,211.0,215.5,205.5,215.5,213.95,211.56,247285,5231589015000.0,3298,174309,0.7049
2020-01-10,MAYURUNIQ,EQ,213.95,215.45,218.0,210.5,210.55,211.1,215.53,170454,3673796245000.0005,2145,105330,0.6179
2020-01-13,MAYURUNIQ,EQ,211.1,211.1,216.75,210.1,214.0,214.05,213.8,103086,2204024960000.0,1700,77632,0.7531
2020-01-14,MAYURUNIQ,EQ,214.05,215.85,225.0,214.0,217.0,217.4,219.45,209625,4600133320000.0,4014,119995,0.5724
2020-01-15,MAYURUNIQ,EQ,217.4,217.55,239.15,217.0,238.5,237.3,230.87,569267,13142467230000.0,9703,329355,0.5786
2020-01-16,MAYURUNIQ,EQ,237.3,241.0,248.9,238.7,242.9,244.3,244.24,311239,7601634665000.001,7723,193657,0.6222
2020-01-17,MAYURUNIQ,EQ,244.3,244.3,245.95,235.25,240.7,240.0,240.71,160870,3872304085000.0,4542,114100,0.7093
2020-01-20,MAYURUNIQ,EQ,240.0,240.05,243.05,229.5,231.9,230.55,234.19,58528,1370638280000.0,1999,35396,0.6048
2020-01-21,MAYURUNIQ,EQ,230.55,231.0,234.05,226.85,230.1,231.9,230.25,82896,1908662110000.0002,1550,45215,0.5454
2020-01-22,MAYURUNIQ,EQ,231.9,238.0,247.5,234.65,245.5,244.75,240.17,309659,7436990120000.0,6380,220987,0.7136
2020-01-23,MAYURUNIQ,EQ,244.75,246.75,247.0,236.0,240.0,240.05,241.47,69760,1684527505000.0,2325,40253,0.5770000000000001
2020-01-24,MAYURUNIQ,EQ,240.05,240.05,242.95,230.75,231.95,232.95,236.53,57167,1352189430000.0,1926,36209,0.6334000000000001
2020-01-27,MAYURUNIQ,EQ,232.95,234.1,239.4,231.55,237.5,236.0,235.78,39660,935086005000.0001,1039,25382,0.64
2020-01-28,MAYURUNIQ,EQ,236.0,240.0,242.8,236.0,238.05,239.65,239.74,47607,1141348245000.0,942,36435,0.7653
2020-01-29,MAYURUNIQ,EQ,239.65,239.7,245.0,239.7,242.0,241.95,242.84,29427,714599250000.0,736,21244,0.7219
2020-01-30,MAYURUNIQ,EQ,241.95,244.7,244.7,226.3,230.9,230.55,234.81,52381,1229968305000.0,1754,37125,0.7087000000000001
2020-01-31,MAYURUNIQ,EQ,230.55,233.9,233.95,225.0,232.0,230.4,228.95,28027,641689305000.0,1013,13221,0.4717
2020-02-01,MAYURUNIQ,EQ,230.4,231.0,232.95,216.0,218.8,220.35,225.82,57185,1291335290000.0,1837,30008,0.5247999999999999
2020-02-03,MAYURUNIQ,EQ,220.35,220.0,223.2,213.3,216.15,217.0,218.64,45506,994947069999.9999,3929,28034,0.6161
2020-02-04,MAYURUNIQ,EQ,217.0,222.95,224.5,219.0,220.0,220.05,220.69,55264,1219620290000.0,2168,42528,0.7695000000000001
2020-02-05,MAYURUNIQ,EQ,220.05,226.7,237.5,215.0,218.25,217.65,224.68,105342,2366840700000.0,3852,68398,0.6493000000000001
2020-02-06,MAYURUNIQ,EQ,217.65,222.7,224.0,217.5,218.65,220.2,220.48,68987,1521025655000.0,2592,39199,0.5682
2020-02-07,MAYURUNIQ,EQ,220.2,221.25,226.0,220.25,222.5,224.75,222.98,50872,1134342015000.0,1695,29754,0.5849000000000001
2020-02-10,MAYURUNIQ,EQ,224.75,228.6,228.6,220.5,221.1,221.55,223.46,35102,784386795000.0,1288,20881,0.5949
2020-02-11,MAYURUNIQ,EQ,221.55,224.45,225.95,212.0,212.1,213.25,218.48,68436,1495193810000.0,1380,44146,0.6451000000000001
2020-02-12,MAYURUNIQ,EQ,213.25,214.5,222.45,211.0,218.0,217.35,217.59,71961,1565781885000.0,1727,42268,0.5874
2020-02-13,MAYURUNIQ,EQ,217.35,221.8,229.75,220.0,229.75,227.95,225.76,89836,2028155475000.0,1960,54634,0.6082
2020-02-14,MAYURUNIQ,EQ,227.95,230.0,238.0,225.0,227.0,226.45,232.6,150817,3508031010000.0,3539,106517,0.7062999999999999
2020-02-17,MAYURUNIQ,EQ,226.45,226.0,248.9,226.0,242.0,241.95,239.01,263573,6299680995000.0,5064,158805,0.6025
2020-02-18,MAYURUNIQ,EQ,241.95,243.75,249.5,233.5,248.0,245.95,241.97,138991,3363219179999.9995,4124,82599,0.5943
2020-02-19,MAYURUNIQ,EQ,245.95,249.65,289.8,248.7,271.9,271.75,270.21,512139,13838457940000.0,12599,206968,0.40409999999999996
2020-02-20,MAYURUNIQ,EQ,271.75,275.4,283.8,272.35,275.55,275.4,277.27,129996,3604435540000.0,4984,60945,0.46880000000000005
2020-02-24,MAYURUNIQ,EQ,275.4,274.9,300.5,270.0,295.15,295.65,292.86,309466,9063001340000.0,6356,236073,0.7628
2020-02-25,MAYURUNIQ,EQ,295.65,305.0,305.0,270.0,281.5,280.95,284.66,125497,3572372290000.0,2890,85073,0.6779000000000001
2020-02-26,MAYURUNIQ,EQ,280.95,280.0,280.0,258.2,261.8,262.05,270.23,44237,1195432285000.0,1277,28389,0.6417
2020-02-27,MAYURUNIQ,EQ,262.05,267.0,269.0,245.0,263.0,265.35,255.65,96474,2466394260000.0,2024,67160,0.6961
2020-02-28,MAYURUNIQ,EQ,265.35,261.0,262.1,242.0,253.9,254.25,252.46,59649,1505878425000.0,1452,44993,0.7543000000000001
2020-03-02,MAYURUNIQ,EQ,254.25,252.0,265.05,242.25,245.0,246.9,255.32,64377,1643695525000.0,1290,41801,0.6493000000000001
2020-03-03,MAYURUNIQ,EQ,246.9,247.3,254.75,243.15,248.9,249.05,248.44,41849,1039688444999.9999,785,30703,0.7337
2020-03-04,MAYURUNIQ,EQ,249.05,250.0,250.0,233.95,239.0,239.8,239.16,43164,1032325255000.0001,1264,29844,0.6914
2020-03-05,MAYURUNIQ,EQ,239.8,238.0,245.0,232.6,234.8,234.3,238.96,38968,931186519999.9999,778,32907,0.8445
2020-03-06,MAYURUNIQ,EQ,234.3,225.0,229.95,221.4,225.0,224.8,224.49,80372,1804235330000.0,3978,52425,0.6523000000000001
2020-03-09,MAYURUNIQ,EQ,224.8,225.0,226.05,208.0,221.0,215.25,215.82,89800,1938076510000.0002,3024,61247,0.682
2020-03-11,MAYURUNIQ,EQ,215.25,220.0,227.0,217.05,219.05,218.5,220.17,57286,1261257225000.0,1097,47446,0.8281999999999999
2020-03-12,MAYURUNIQ,EQ,218.5,200.0,210.0,194.95,206.05,206.2,201.19,154857,3115628390000.0,2088,117927,0.7615000000000001
2020-03-13,MAYURUNIQ,EQ,206.2,199.0,212.0,165.0,207.05,207.4,199.04,70096,1395207380000.0,1775,38118,0.5438000000000001
2020-03-16,MAYURUNIQ,EQ,207.4,198.0,202.0,184.0,189.85,184.95,191.06,86584,1654304865000.0,3000,63502,0.7334
2020-03-17,MAYURUNIQ,EQ,184.95,184.95,192.35,177.0,177.05,180.95,183.54,56217,1031791919999.9999,1321,41617,0.7403000000000001
2020-03-18,MAYURUNIQ,EQ,180.95,180.0,186.75,157.6,168.0,166.0,169.11,59377,1004098610000.0,2485,40659,0.6848000000000001
2020-03-19,MAYURUNIQ,EQ,166.0,158.0,169.95,148.55,162.0,164.55,160.13,50116,802523215000.0,1791,33029,0.6591
2020-03-20,MAYURUNIQ,EQ,164.55,162.35,170.45,160.0,160.1,160.95,165.9,44089,731422455000.0,1373,30987,0.7028
2020-03-23,MAYURUNIQ,EQ,160.95,148.0,175.0,128.8,132.85,132.55,136.96,85204,1166978270000.0,4103,58840,0.6906
2020-03-24,MAYURUNIQ,EQ,132.55,144.75,144.75,119.3,125.0,124.45,125.54,119307,1497821285000.0,1967,82496,0.6915000000000001
2020-03-25,MAYURUNIQ,EQ,124.45,124.0,132.75,120.0,129.8,129.35,125.11,130483,1632526110000.0,2904,101135,0.7751000000000001
2020-03-26,MAYURUNIQ,EQ,129.35,129.35,142.25,127.0,142.25,142.25,140.37,38288,537465120000.0,558,36125,0.9435
2020-03-27,MAYURUNIQ,EQ,142.25,156.0,156.45,146.65,156.45,155.05,153.92,31342,482401475000.0,518,28109,0.8968
2020-03-30,MAYURUNIQ,EQ,155.05,155.1,170.55,143.1,153.0,149.65,155.95,81974,1278344780000.0,1844,61667,0.7523000000000001
2020-03-31,MAYURUNIQ,EQ,149.65,155.0,160.2,141.0,152.0,149.9,153.21,35049,536984405000.0,579,25590,0.7301000000000001
2020-04-01,MAYURUNIQ,EQ,149.9,158.0,158.0,142.1,151.0,150.4,151.74,24921,378151725000.0,539,17447,0.7001000000000001
2020-04-03,MAYURUNIQ,EQ,150.4,152.0,152.0,147.05,149.8,149.45,149.92,27816,417026075000.0,589,21429,0.7704000000000001
2020-04-07,MAYURUNIQ,EQ,149.45,153.0,156.0,149.45,153.9,155.8,154.15,32755,504923745000.0,726,27048,0.8258
2020-04-08,MAYURUNIQ,EQ,155.8,154.5,164.0,152.05,155.0,154.85,156.99,74202,1164885385000.0,1864,55376,0.7463
2020-04-09,MAYURUNIQ,EQ,154.85,163.95,163.95,156.0,161.05,161.75,160.83,42558,684446300000.0,2485,28748,0.6755
2020-04-13,MAYURUNIQ,EQ,161.75,165.0,167.2,155.4,158.0,159.05,159.82,50490,806929425000.0,2203,39740,0.7870999999999999
2020-04-15,MAYURUNIQ,EQ,159.05,169.0,169.0,154.05,154.05,155.3,158.44,73159,1159121220000.0,3356,57919,0.7917000000000001
2020-04-16,MAYURUNIQ,EQ,155.3,157.05,158.4,150.5,153.0,153.55,153.59,68707,1055302975000.0,1750,46100,0.6709999999999999
2020-04-17,MAYURUNIQ,EQ,153.55,156.0,159.75,152.25,155.65,156.7,155.9,48251,752241250000.0,1191,34287,0.7106
2020-04-20,MAYURUNIQ,EQ,156.7,158.0,175.0,152.0,153.35,153.35,159.6,221385,3533233940000.0,9165,142617,0.6442
2020-04-21,MAYURUNIQ,EQ,153.35,154.75,159.95,149.0,156.3,155.6,155.26,47652,739867510000.0,1538,27876,0.585
2020-04-22,MAYURUNIQ,EQ,155.6,155.6,158.0,152.0,155.5,155.5,155.48,36946,574438750000.0,838,28108,0.7608
2020-04-23,MAYURUNIQ,EQ,155.5,156.0,167.4,154.2,154.2,155.1,155.86,26010,405400820000.0,757,18141,0.6975
2020-04-24,MAYURUNIQ,EQ,155.1,153.0,153.1,149.0,150.0,149.95,151.1,36342,549119875000.0,1394,29435,0.8099
2020-04-27,MAYURUNIQ,EQ,149.95,149.95,152.0,147.35,149.5,149.35,149.29,42104,628586300000.0,840,30111,0.7152
2020-04-28,MAYURUNIQ,EQ,149.35,154.6,154.6,150.45,153.1,153.5,152.97,26245,401456905000.0,1066,19973,0.761
2020-04-29,MAYURUNIQ,EQ,153.5,154.7,157.35,147.5,148.0,148.6,149.71,89195,1335321880000.0,1367,74047,0.8301999999999999
2020-04-30,MAYURUNIQ,EQ,148.6,150.2,155.7,150.2,152.5,152.25,153.21,81144,1243227545000.0,2778,60292,0.743
2020-05-04,MAYURUNIQ,EQ,152.25,152.0,152.0,147.2,149.0,148.25,149.02,27979,416944180000.0,979,20344,0.7271
2020-05-05,MAYURUNIQ,EQ,148.25,151.7,154.9,147.05,148.95,148.3,151.03,20762,313578715000.0,917,9944,0.479
2020-05-06,MAYURUNIQ,EQ,148.3,149.6,151.6,142.65,144.6,144.1,147.51,81693,1205048160000.0,1872,30381,0.3719
2020-05-07,MAYURUNIQ,EQ,144.1,148.8,149.85,144.25,146.95,147.4,147.53,18766,276853220000.0,826,11531,0.6145
2020-05-08,MAYURUNIQ,EQ,147.4,152.65,152.65,140.85,141.1,142.15,145.85,21532,314051370000.0,949,15551,0.7222
2020-05-11,MAYURUNIQ,EQ,142.15,144.95,148.8,144.3,145.85,145.15,145.86,19713,287533700000.0,460,9710,0.4926
2020-05-12,MAYURUNIQ,EQ,145.15,148.75,151.95,140.1,147.0,146.85,144.89,27406,397085340000.0,1318,18254,0.6661
2020-05-13,MAYURUNIQ,EQ,146.85,155.0,155.0,147.05,149.5,149.9,149.47,42244,631413985000.0,1365,31050,0.735
2020-05-14,MAYURUNIQ,EQ,149.9,149.05,154.0,147.15,147.75,148.0,149.55,32227,481968534999.99994,1678,20156,0.6254
2020-05-15,MAYURUNIQ,EQ,148.0,147.45,151.95,145.1,150.0,148.95,148.63,24279,360865000000.0,826,18050,0.7434000000000001
2020-05-18,MAYURUNIQ,EQ,148.95,150.0,150.05,135.0,146.0,145.2,143.96,30283,435946600000.0,1086,17426,0.5754
2020-05-19,MAYURUNIQ,EQ,145.2,149.3,149.3,141.65,141.75,142.95,145.6,16640,242284820000.00003,966,9872,0.5933
2020-05-20,MAYURUNIQ,EQ,142.95,142.95,145.15,140.05,143.0,142.25,142.7,26978,384964675000.0,1377,21206,0.7859999999999999
2020-05-21,MAYURUNIQ,EQ,142.25,143.35,146.0,141.8,145.55,144.3,143.99,27366,394029725000.0,791,17634,0.6444
2020-05-22,MAYURUNIQ,EQ,144.3,142.3,145.35,140.0,143.0,142.9,142.96,11581,165563670000.0,605,7145,0.617
2020-05-26,MAYURUNIQ,EQ,142.9,143.0,151.5,143.0,150.0,149.1,147.03,24860,365519240000.0,946,17962,0.7225
2020-05-27,MAYURUNIQ,EQ,149.1,151.25,153.3,145.15,150.0,149.6,149.3,11864,177126450000.0,450,6854,0.5777
2020-05-28,MAYURUNIQ,EQ,149.6,147.1,155.0,147.1,153.7,152.75,151.78,17646,267823300000.0,586,13532,0.7669
2020-05-29,MAYURUNIQ,EQ,152.75,157.0,159.95,150.2,150.2,152.75,156.34,37418,584983345000.0,1124,26251,0.7016
2020-06-01,MAYURUNIQ,EQ,152.75,157.8,161.8,152.25,156.0,157.5,158.03,46289,731510355000.0,1334,26065,0.5631
2020-06-02,MAYURUNIQ,EQ,157.5,154.25,161.5,154.25,158.0,158.05,157.83,27142,428392365000.00006,752,17224,0.6346
2020-06-03,MAYURUNIQ,EQ,158.05,161.7,169.0,160.3,165.0,165.55,164.14,132891,2181221395000.0,5942,70650,0.5316
2020-06-04,MAYURUNIQ,EQ,165.55,164.8,164.95,159.3,159.9,160.3,161.49,52649,850213105000.0001,2435,28346,0.5384000000000001
2020-06-05,MAYURUNIQ,EQ,160.3,159.1,175.0,159.1,175.0,173.7,170.59,137072,2338245655000.0,4325,68233,0.4978
2020-06-08,MAYURUNIQ,EQ,173.7,177.5,184.95,170.0,170.25,170.75,176.36,111112,1959582545000.0,3570,69985,0.6299
2020-06-09,MAYURUNIQ,EQ,170.75,181.95,182.0,171.3,175.0,173.25,175.84,75937,1335310045000.0,2391,45411,0.598
2020-06-10,MAYURUNIQ,EQ,173.25,173.25,175.0,167.6,169.9,168.85,170.85,42584,727559905000.0,1000,26591,0.6244
2020-06-11,MAYURUNIQ,EQ,168.85,169.0,174.0,168.85,172.0,171.9,172.21,31906,549454945000.0,755,23450,0.735
2020-06-12,MAYURUNIQ,EQ,171.9,165.3,171.75,160.8,167.9,167.95,166.55,40607,676291400000.0,1376,19756,0.4865
2020-06-15,MAYURUNIQ,EQ,167.95,169.0,169.0,157.05,165.5,163.85,161.08,89535,1442223650000.0,1808,52924,0.5911
2020-06-16,MAYURUNIQ,EQ,163.85,165.0,169.5,164.55,165.05,165.9,166.39,23559,392005345000.0,739,14756,0.6263000000000001
2020-06-17,MAYURUNIQ,EQ,165.9,168.8,171.0,165.0,169.95,169.15,167.36,23250,389105235000.0,933,14015,0.6028
2020-06-18,MAYURUNIQ,EQ,169.15,170.75,172.5,166.05,167.0,167.85,168.18,25430,427693134999.99994,951,14930,0.5871000000000001
2020-06-19,MAYURUNIQ,EQ,167.85,168.0,179.5,168.0,174.1,174.75,175.44,76154,1336082240000.0,2394,45539,0.598
2020-06-22,MAYURUNIQ,EQ,174.75,177.0,185.0,176.0,179.8,179.0,180.84,83983,1518766365000.0,5738,41938,0.4994
2020-06-23,MAYURUNIQ,EQ,179.0,180.05,181.7,176.1,179.0,179.2,178.63,46889,837572330000.0,2723,12210,0.7857
2020-06-24,MAYURUNIQ,EQ,179.2,182.0,182.55,175.0,176.15,176.0,178.3,64901,1157193815000.0,4251,41322,0.6367
2020-06-25,MAYURUNIQ,EQ,176.0,175.0,175.95,166.3,169.85,169.6,170.74,32860,561060540000.0,1499,18005,0.5479
2020-06-26,MAYURUNIQ,EQ,169.6,171.0,181.0,171.0,180.0,178.35,176.51,41028,724170235000.0,1713,25742,0.6274000000000001
2020-06-29,MAYURUNIQ,EQ,178.35,180.8,180.8,164.95,169.75,171.55,172.97,30765,532150650000.0,1012,20425,0.6639
2020-06-30,MAYURUNIQ,EQ,171.55,190.0,205.85,188.0,205.85,205.85,204.24,748836,15294574990000.0,6030,291915,0.3898
2020-07-01,MAYURUNIQ,EQ,205.85,211.0,230.0,193.75,222.1,224.65,215.13,1753446,37722096460000.0,47251,541856,0.309
2020-07-02,MAYURUNIQ,EQ,224.65,222.6,230.0,214.1,223.0,222.75,222.69,295832,6587949875000.0,11149,89855,0.3037
2020-07-03,MAYURUNIQ,EQ,222.75,223.0,230.0,220.05,222.95,222.8,223.46,115696,2585363110000.0,2284,75738,0.6546
2020-07-06,MAYURUNIQ,EQ,222.8,229.0,232.0,223.2,230.0,230.3,228.95,109497,2506967135000.0,3199,67353,0.6151
2020-07-07,MAYURUNIQ,EQ,230.3,232.0,233.0,222.0,224.2,225.5,227.67,70914,1614469760000.0,1803,51555,0.7270000000000001
2020-07-08,MAYURUNIQ,EQ,225.5,222.0,230.0,211.2,217.0,214.65,222.31,40122,891967175000.0,1197,27973,0.6972
2020-07-09,MAYURUNIQ,EQ,214.65,219.95,226.0,217.0,222.0,221.55,221.16,52306,1156807930000.0,1011,40012,0.765
2020-07-10,MAYURUNIQ,EQ,221.55,221.55,226.9,218.0,222.0,222.1,222.98,35138,783503240000.0,704,28045,0.7981
2020-07-13,MAYURUNIQ,EQ,222.1,249.9,264.95,227.7,234.0,232.6,244.81,634811,15540765200000.0,29376,241765,0.38079999999999997
2020-07-14,MAYURUNIQ,EQ,232.6,232.0,232.35,222.2,229.0,226.65,227.06,75512,1714609410000.0002,4462,37405,0.4954
2020-07-15,MAYURUNIQ,EQ,226.65,229.0,231.45,217.35,223.95,224.4,224.61,68101,1529601990000.0,2982,36966,0.5428000000000001
2020-07-16,MAYURUNIQ,EQ,224.4,222.4,223.6,217.0,218.35,218.95,219.12,39983,876094194999.9999,1689,22593,0.5651
2020-07-17,MAYURUNIQ,EQ,218.95,221.85,230.65,218.95,228.05,227.85,226.6,54926,1244632055000.0,2765,24293,0.44229999999999997
2020-07-20,MAYURUNIQ,EQ,227.85,230.0,231.15,221.2,223.0,224.65,225.97,51398,1161447910000.0,2358,34111,0.6637000000000001
2020-07-21,MAYURUNIQ,EQ,224.65,225.0,226.15,211.2,218.05,218.95,218.8,90864,1988092200000.0,2559,57486,0.6327
2020-07-22,MAYURUNIQ,EQ,218.95,221.95,225.0,214.95,215.9,215.85,218.92,38447,841686235000.0,1249,23329,0.6068
2020-07-23,MAYURUNIQ,EQ,215.85,219.0,221.05,215.2,219.95,219.25,218.31,36669,800536150000.0,1560,21306,0.5810000000000001
2020-07-24,MAYURUNIQ,EQ,219.25,220.45,229.0,218.0,223.6,223.25,224.39,56131,1259516885000.0,2012,24745,0.44079999999999997
2020-07-27,MAYURUNIQ,EQ,223.25,223.0,224.8,210.15,213.0,212.95,215.68,41976,905339540000.0,1603,28136,0.6703
2020-07-28,MAYURUNIQ,EQ,212.95,215.85,219.95,210.2,212.4,211.85,213.79,27660,591349405000.0,967,15636,0.5653
2020-07-29,MAYURUNIQ,EQ,211.85,211.85,219.95,211.85,218.1,218.6,216.9,40209,872116155000.0001,1169,26369,0.6558
2020-07-30,MAYURUNIQ,EQ,218.6,220.0,225.0,217.0,218.0,219.65,220.76,29973,661675255000.0,1121,12313,0.4108
2020-07-31,MAYURUNIQ,EQ,219.65,221.0,221.5,212.0,221.0,218.5,216.24,33995,735106430000.0,1266,19828,0.5833
2020-08-03,MAYURUNIQ,EQ,218.5,223.0,246.9,217.2,232.25,233.6,234.69,219958,5162121990000.0,13120,118979,0.5409
2020-08-04,MAYURUNIQ,EQ,233.6,233.9,236.7,226.7,230.9,232.45,231.06,80023,1849018595000.0,4049,48288,0.6034
2020-08-05,MAYURUNIQ,EQ,232.45,233.5,253.0,229.05,249.45,249.65,245.67,400796,9846426605000.0,12721,234639,0.5854
2020-08-06,MAYURUNIQ,EQ,249.65,249.15,258.55,246.1,250.0,251.5,251.96,153963,3879265975000.0,6101,94187,0.6118
2020-08-07,MAYURUNIQ,EQ,251.5,251.9,251.9,245.0,245.95,245.6,247.07,51757,1278746655000.0,1782,31785,0.6141
2020-08-10,MAYURUNIQ,EQ,245.6,247.95,250.0,242.0,247.55,243.55,245.77,36310,892374875000.0,1439,22824,0.6286
2020-08-11,MAYURUNIQ,EQ,243.55,247.5,252.0,245.1,246.0,246.25,248.6,52246,1298829855000.0,1918,35373,0.677
2020-08-12,MAYURUNIQ,EQ,246.25,245.1,249.9,238.05,243.5,241.85,242.54,46672,1131960015000.0,1662,32517,0.6967
2020-08-13,MAYURUNIQ,EQ,241.85,248.2,248.2,217.65,229.0,230.0,229.98,191394,4401763935000.0,4110,124753,0.6518
2020-08-14,MAYURUNIQ,EQ,230.0,225.0,255.15,225.0,255.0,251.6,245.76,298492,7335691250000.0,10064,177630,0.5951
2020-08-17,MAYURUNIQ,EQ,251.6,254.0,255.0,244.0,246.0,245.4,248.72,99774,2481551315000.0,6234,56775,0.569
2020-08-18,MAYURUNIQ,EQ,245.4,249.0,285.9,246.0,280.0,278.8,274.37,1018164,27935058830000.0,19923,367181,0.36060000000000003
2020-08-19,MAYURUNIQ,EQ,278.8,273.5,273.5,263.4,266.0,266.95,267.88,321417,8610012950000.0,8015,116498,0.3625
2020-08-20,MAYURUNIQ,EQ,266.95,265.0,286.6,261.05,273.05,274.75,279.14,353204,9859181595000.0,8236,194927,0.5519
2020-08-21,MAYURUNIQ,EQ,274.75,277.0,290.6,275.25,277.1,277.95,283.33,400177,11338018525000.0,7438,182393,0.4558
2020-08-24,MAYURUNIQ,EQ,277.95,281.7,301.0,280.2,292.0,289.95,290.04,661464,19185296575000.0,17998,468245,0.7079000000000001
2020-08-25,MAYURUNIQ,EQ,289.95,292.1,306.0,283.0,298.9,298.35,297.44,337480,10037885605000.0,10978,192157,0.5694
2020-08-26,MAYURUNIQ,EQ,298.35,299.9,308.0,293.0,306.25,303.55,302.01,260900,7879361434999.999,11629,148264,0.5683
2020-08-27,MAYURUNIQ,EQ,303.55,307.0,309.4,291.95,294.4,294.2,299.81,143554,4303935579999.9995,7474,76126,0.5303
2020-08-28,MAYURUNIQ,EQ,294.2,292.0,299.75,284.25,289.0,288.5,291.45,98151,2860650030000.0,3254,58615,0.5972
2020-08-31,MAYURUNIQ,EQ,288.5,289.95,290.7,255.0,273.9,273.65,272.16,181328,4935108830000.0,5719,94432,0.5208
2020-09-01,MAYURUNIQ,EQ,273.65,268.05,273.6,266.2,270.7,270.35,269.56,42356,1141745145000.0,1375,26825,0.6333
2020-09-02,MAYURUNIQ,EQ,270.35,276.9,283.45,270.0,282.9,281.5,276.49,89358,2470682220000.0,2716,47870,0.5357000000000001
2020-09-03,MAYURUNIQ,EQ,281.5,284.25,299.9,284.25,296.7,294.55,294.28,116535,3429378790000.0,4235,68268,0.5858
2020-09-04,MAYURUNIQ,EQ,294.55,290.0,292.0,278.65,287.0,283.55,286.99,68137,1955468839999.9998,2426,39878,0.5853
2020-09-07,MAYURUNIQ,EQ,283.55,281.75,285.65,272.25,278.55,278.8,278.24,48675,1354331195000.0,1671,30817,0.6331
2020-09-08,MAYURUNIQ,EQ,278.8,281.35,281.5,270.0,272.7,271.85,275.05,36542,1005070235000.0,1482,21253,0.5816
2020-09-09,MAYURUNIQ,EQ,271.85,262.25,271.9,262.0,271.8,270.3,266.26,50080,1333405570000.0,3428,32333,0.6456000000000001
2020-09-10,MAYURUNIQ,EQ,270.3,275.8,275.8,269.65,270.85,270.55,272.6,15671,427194309999.99994,1146,9314,0.5943
2020-09-11,MAYURUNIQ,EQ,270.55,273.95,279.0,268.0,276.1,275.45,273.18,36290,991374094999.9999,1766,26042,0.7176
2020-09-14,MAYURUNIQ,EQ,275.45,282.0,294.0,278.85,289.95,290.9,289.56,288539,8355004115000.001,8549,214625,0.7438
2020-09-15,MAYURUNIQ,EQ,290.9,293.0,295.0,284.5,288.85,288.45,290.61,95731,2782034355000.0,3305,29294,0.306
2020-09-16,MAYURUNIQ,EQ,288.45,290.8,290.8,281.0,285.1,285.65,285.39,40210,1147550875000.0,1159,30718,0.7639
2020-09-17,MAYURUNIQ,EQ,285.65,284.9,285.05,276.0,280.0,279.8,281.36,25260,710710310000.0,1333,14490,0.5736
2020-09-18,MAYURUNIQ,EQ,279.8,279.8,283.05,272.7,276.0,275.85,277.38,36918,1024044369999.9999,1619,23967,0.6492
2020-09-21,MAYURUNIQ,EQ,275.85,278.0,278.8,262.25,262.25,264.3,270.22,33472,904488825000.0,1744,19018,0.5682
2020-09-22,MAYURUNIQ,EQ,264.3,260.0,267.0,245.5,259.0,261.1,257.08,68972,1773152285000.0002,3396,35975,0.5216
2020-09-23,MAYURUNIQ,EQ,261.1,261.1,267.3,245.35,254.05,252.4,252.74,61937,1565422115000.0,3306,33028,0.5333
2020-09-24,MAYURUNIQ,EQ,252.4,251.9,256.7,242.0,251.1,252.15,249.8,100564,2512060775000.0,3217,75850,0.7542
2020-09-25,MAYURUNIQ,EQ,252.15,249.15,255.7,245.25,253.0,253.1,250.49,30852,772818975000.0,1511,17237,0.5587
2020-09-28,MAYURUNIQ,EQ,253.1,257.3,262.0,250.05,255.0,257.9,256.95,44616,1146420820000.0,1726,28237,0.6329
2020-09-29,MAYURUNIQ,EQ,257.9,258.5,271.9,257.0,268.9,267.3,263.49,61349,1616467370000.0,1871,31633,0.5156000000000001
2020-09-30,MAYURUNIQ,EQ,267.3,268.9,272.9,258.05,259.95,259.95,263.37,39931,1051642975000.0,1589,21712,0.5437
2020-10-01,MAYURUNIQ,EQ,259.95,261.95,268.75,258.0,259.7,259.45,262.18,24424,640343635000.0,984,13077,0.5354
2020-10-05,MAYURUNIQ,EQ,259.45,266.8,268.8,260.05,266.85,266.5,264.89,27849,737685245000.0,1147,18993,0.682
2020-10-06,MAYURUNIQ,EQ,266.5,270.0,273.0,264.35,266.0,267.35,269.16,45523,1225309585000.0,1609,22298,0.48979999999999996
2020-10-07,MAYURUNIQ,EQ,267.35,267.8,268.4,258.1,259.5,259.9,261.97,24451,640550555000.0,1161,16968,0.6940000000000001
2020-10-08,MAYURUNIQ,EQ,259.9,262.85,262.85,249.25,250.0,250.05,253.96,69116,1755279335000.0002,4690,45710,0.6614
2020-10-09,MAYURUNIQ,EQ,250.05,254.8,254.8,243.1,246.7,247.35,247.47,45458,1124952510000.0,2692,28995,0.6378
2020-10-12,MAYURUNIQ,EQ,247.35,247.05,252.0,234.0,238.8,236.65,238.75,63354,1512585055000.0,3348,46338,0.7314
2020-10-13,MAYURUNIQ,EQ,236.65,236.6,246.0,236.6,241.8,240.9,241.28,35598,858910365000.0,2065,21871,0.6144
2020-10-14,MAYURUNIQ,EQ,240.9,241.0,247.65,237.2,238.0,238.65,241.87,35605,861188500000.0,1534,20386,0.5726
2020-10-15,MAYURUNIQ,EQ,238.65,243.8,243.8,231.0,232.5,232.55,238.71,99676,2379319985000.0,2734,74214,0.7445999999999999
2020-10-16,MAYURUNIQ,EQ,232.55,242.0,244.75,232.0,244.0,243.75,238.41,37537,894923910000.0,1662,22541,0.6005
2020-10-19,MAYURUNIQ,EQ,243.75,244.0,246.0,235.65,237.9,238.85,239.91,25334,607792015000.0,979,16098,0.6354
2020-10-20,MAYURUNIQ,EQ,238.85,240.95,241.9,235.55,240.0,239.65,238.95,53878,1287409875000.0,1729,40870,0.7586
2020-10-21,MAYURUNIQ,EQ,239.65,241.1,241.1,235.1,238.0,237.15,238.76,73545,1755940620000.0,2270,58398,0.794
2020-10-22,MAYURUNIQ,EQ,237.15,239.0,248.8,236.0,244.15,245.2,242.03,16849,407792870000.0,997,9668,0.5738000000000001
2020-10-23,MAYURUNIQ,EQ,245.2,247.9,247.95,236.3,238.85,237.9,239.83,83030,1991342345000.0,2344,59039,0.7111
2020-10-26,MAYURUNIQ,EQ,237.9,244.7,246.0,237.5,238.75,238.8,239.91,54671,1311627665000.0,2268,39553,0.7234999999999999
2020-10-27,MAYURUNIQ,EQ,238.8,239.0,240.05,230.05,232.45,231.65,234.49,51990,1219113855000.0,1836,38476,0.7401000000000001
2020-10-28,MAYURUNIQ,EQ,231.65,233.5,239.9,227.65,235.0,233.15,231.65,567194,13139267840000.0,3912,532029,0.938
2020-10-29,MAYURUNIQ,EQ,233.15,234.8,237.95,230.9,235.0,235.05,234.77,41909,983885060000.0,1314,22339,0.533
2020-10-30,MAYURUNIQ,EQ,235.05,235.0,247.0,234.0,245.75,242.2,239.73,70142,1681507555000.0,1251,46492,0.6628000000000001
2020-11-02,MAYURUNIQ,EQ,242.2,245.95,256.0,238.0,249.0,250.1,250.18,177149,4431985830000.0,5349,59201,0.3342
2020-11-03,MAYURUNIQ,EQ,250.1,249.8,257.65,245.1,256.95,256.5,253.59,68773,1743983295000.0,4894,45314,0.6589
2020-11-04,MAYURUNIQ,EQ,256.5,256.8,256.8,253.0,253.0,254.7,254.27,27901,709426300000.0,594,20824,0.7464000000000001
2020-11-05,MAYURUNIQ,EQ,254.7,255.25,258.05,250.0,250.1,251.05,254.51,45381,1154992510000.0,964,35704,0.7868
2020-11-06,MAYURUNIQ,EQ,251.05,253.75,257.0,251.1,253.2,254.75,255.32,50727,1295155805000.0,4117,38422,0.7574
2020-11-09,MAYURUNIQ,EQ,254.75,251.2,257.0,232.9,245.9,243.95,251.12,99202,2491159105000.0,2674,47299,0.4768
2020-11-10,MAYURUNIQ,EQ,243.95,245.5,257.0,245.5,256.0,255.4,253.97,90017,2286169525000.0,1468,64336,0.7147
2020-11-11,MAYURUNIQ,EQ,255.4,257.0,275.25,256.0,266.0,265.8,266.42,423658,11286912920000.0,8212,233707,0.5516
2020-11-12,MAYURUNIQ,EQ,265.8,268.65,278.5,263.5,264.5,265.0,271.12,292932,7941970934999.999,6880,186908,0.6381
2020-11-13,MAYURUNIQ,EQ,265.0,265.0,265.05,261.0,263.45,263.15,263.38,82752,2179530570000.0,2083,56551,0.6834
2020-11-14,MAYURUNIQ,EQ,263.15,267.75,268.0,260.0,264.95,264.9,265.11,26918,713615090000.0,645,21250,0.7894
2020-11-17,MAYURUNIQ,EQ,264.9,274.8,274.8,264.9,268.75,268.25,268.73,187433,5036898955000.0,4165,134008,0.715
2020-11-18,MAYURUNIQ,EQ,268.25,270.0,278.15,268.0,275.0,274.9,274.36,175131,4804850755000.0,4616,123227,0.7036
2020-11-19,MAYURUNIQ,EQ,274.9,273.0,278.1,261.2,263.0,262.25,268.39,186803,5013537080000.0,6315,145849,0.7808
2020-11-20,MAYURUNIQ,EQ,262.25,260.5,274.0,260.5,272.75,271.95,269.01,285281,7674247755000.0,3324,251416,0.8813
2020-11-23,MAYURUNIQ,EQ,271.95,276.65,278.1,271.95,277.1,277.15,274.94,117068,3218702625000.0,4183,70099,0.5988
2020-11-24,MAYURUNIQ,EQ,277.15,272.25,279.9,270.0,279.15,277.75,273.88,109521,2999587610000.0,2538,65307,0.5963
2020-11-25,MAYURUNIQ,EQ,277.75,278.0,278.5,263.2,263.2,267.05,271.18,65180,1767543555000.0,1754,37550,0.5761000000000001
2020-11-26,MAYURUNIQ,EQ,267.05,263.55,272.2,261.1,272.15,271.2,268.59,84114,2259256585000.0,2412,31303,0.37210000000000004
2020-11-27,MAYURUNIQ,EQ,271.2,271.2,277.0,270.55,272.85,273.65,273.94,34620,948388255000.0001,1027,24903,0.7193
2020-12-01,MAYURUNIQ,EQ,273.65,275.0,275.95,270.0,272.0,272.4,274.12,56075,1537149605000.0,2261,38837,0.6926000000000001
2020-12-02,MAYURUNIQ,EQ,272.4,272.45,275.5,267.0,271.5,270.45,273.09,49317,1346775975000.0,1361,33302,0.6753
2020-12-03,MAYURUNIQ,EQ,270.45,271.85,282.3,270.15,282.3,277.8,276.21,110862,3062093370000.0,1878,71083,0.6412000000000001
2020-12-04,MAYURUNIQ,EQ,277.8,282.5,292.4,282.35,291.55,290.7,287.91,160146,4610829150000.0,4604,91056,0.5686
2020-12-07,MAYURUNIQ,EQ,290.7,290.7,298.5,284.8,291.0,293.8,292.16,92902,2714218965000.0,2920,52271,0.5626
2020-12-08,MAYURUNIQ,EQ,293.8,293.0,298.5,267.0,281.95,280.75,279.88,247265,6920384900000.0,4731,133656,0.5405
2020-12-09,MAYURUNIQ,EQ,280.75,282.2,288.0,278.25,283.45,282.3,283.91,103264,2931784645000.0,3844,77980,0.7552
2020-12-10,MAYURUNIQ,EQ,282.3,282.15,290.8,273.9,287.5,287.5,284.56,128527,3657404290000.0,3815,83375,0.6487
2020-12-11,MAYURUNIQ,EQ,287.5,285.05,289.9,280.8,282.5,282.45,286.36,41546,1189695260000.0,1570,26942,0.6485
2020-12-14,MAYURUNIQ,EQ,282.45,283.9,293.8,282.6,290.4,290.0,289.65,66498,1926101025000.0,2825,41988,0.6314000000000001
2020-12-15,MAYURUNIQ,EQ,290.0,292.7,298.6,288.0,296.65,292.2,293.43,99588,2922182015000.0,3892,61304,0.6156
2020-12-16,MAYURUNIQ,EQ,292.2,297.65,307.2,295.0,302.0,300.65,301.75,191186,5769130190000.0,5595,127419,0.6665000000000001
2020-12-17,MAYURUNIQ,EQ,300.65,305.8,312.0,297.0,301.0,299.55,306.75,158034,4847706480000.0,4162,97950,0.6198
2020-12-18,MAYURUNIQ,EQ,299.55,300.0,300.05,292.0,297.0,296.3,296.18,45176,1338018650000.0,1855,27454,0.6077
2020-12-21,MAYURUNIQ,EQ,296.3,296.25,296.25,267.0,276.05,275.95,283.74,82528,2341670735000.0,2547,48946,0.5931000000000001
2020-12-22,MAYURUNIQ,EQ,275.95,280.0,287.5,251.1,280.0,279.15,274.73,106524,2926554010000.0,4646,56192,0.5275
2020-12-23,MAYURUNIQ,EQ,279.15,278.5,292.0,277.5,291.85,289.7,287.52,44456,1278188350000.0,2312,23975,0.5393
2020-12-24,MAYURUNIQ,EQ,289.7,291.15,293.45,284.05,286.5,287.2,288.9,44126,1274794030000.0,1414,28598,0.6481
2020-12-28,MAYURUNIQ,EQ,287.2,290.0,298.9,287.4,295.0,294.3,294.94,51402,1516064810000.0,1744,31123,0.6055
2020-12-29,MAYURUNIQ,EQ,294.3,295.0,297.0,290.0,290.25,291.4,293.37,40214,1179740705000.0,2194,25752,0.6404000000000001
2020-12-30,MAYURUNIQ,EQ,291.4,299.0,326.6,297.9,313.6,311.8,318.58,882355,28110328045000.0,38993,279275,0.3165
2020-12-31,MAYURUNIQ,EQ,311.8,314.3,319.0,306.1,311.5,310.05,312.35,99868,3119375740000.0,4242,51910,0.5197999999999999
